solid tet_mesh
facet normal 0 0 0
    outer loop
        vertex 0.0 0.0 0.0
        vertex 0.02159794930644694 0.028209477967525768 -0.012370721630984221
        vertex 0.012694956126428476 0.0015556585850011026 -0.017730823768345845
    endloop
endfacet
facet normal 0 0 0
    outer loop
        vertex 0.02159794930644694 0.028209477967525768 -0.012370721630984221
        vertex 0.02889177470052954 -0.0006753603985069973 0.0021217446107263185
        vertex 0.012694956126428476 0.0015556585850011026 -0.017730823768345845
    endloop
endfacet
facet normal 0 0 0
    outer loop
        vertex 0.02159794930644694 0.028209477967525768 -0.012370721630984221
        vertex 0.0 0.0 0.0
        vertex 0.02889177470052954 -0.0006753603985069973 0.0021217446107263185
    endloop
endfacet
facet normal 0 0 0
    outer loop
        vertex 0.0 0.0 0.0
        vertex 0.012694956126428476 0.0015556585850011026 -0.017730823768345845
        vertex 0.02889177470052954 -0.0006753603985069973 0.0021217446107263185
    endloop
endfacet
facet normal 0 0 0
    outer loop
        vertex 0.0 0.0 0.0
        vertex 0.0 0.0 0.025
        vertex 0.0 0.025 0.025
    endloop
endfacet
facet normal 0 0 0
    outer loop
        vertex 0.0 0.0 0.025
        vertex 0.02889177470052954 -0.0006753603985069973 0.0021217446107263185
        vertex 0.0 0.025 0.025
    endloop
endfacet
facet normal 0 0 0
    outer loop
        vertex 0.0 0.0 0.025
        vertex 0.0 0.0 0.0
        vertex 0.02889177470052954 -0.0006753603985069973 0.0021217446107263185
    endloop
endfacet
facet normal 0 0 0
    outer loop
        vertex 0.0 0.0 0.0
        vertex 0.0 0.025 0.025
        vertex 0.02889177470052954 -0.0006753603985069973 0.0021217446107263185
    endloop
endfacet
facet normal 0 0 0
    outer loop
        vertex 0.0 0.0 0.0
        vertex 0.02159794930644694 0.028209477967525768 -0.012370721630984221
        vertex 0.02889177470052954 -0.0006753603985069973 0.0021217446107263185
    endloop
endfacet
facet normal 0 0 0
    outer loop
        vertex 0.02159794930644694 0.028209477967525768 -0.012370721630984221
        vertex 0.0 0.025 0.025
        vertex 0.02889177470052954 -0.0006753603985069973 0.0021217446107263185
    endloop
endfacet
facet normal 0 0 0
    outer loop
        vertex 0.02159794930644694 0.028209477967525768 -0.012370721630984221
        vertex 0.0 0.0 0.0
        vertex 0.0 0.025 0.025
    endloop
endfacet
facet normal 0 0 0
    outer loop
        vertex 0.0 0.0 0.0
        vertex 0.02889177470052954 -0.0006753603985069973 0.0021217446107263185
        vertex 0.0 0.025 0.025
    endloop
endfacet
facet normal 0 0 0
    outer loop
        vertex 0.02159794930644694 0.028209477967525768 -0.012370721630984221
        vertex 0.035398863347986836 0.01870053893310432 -0.0003026929180173672
        vertex 0.02889177470052954 -0.0006753603985069973 0.0021217446107263185
    endloop
endfacet
facet normal 0 0 0
    outer loop
        vertex 0.035398863347986836 0.01870053893310432 -0.0003026929180173672
        vertex 0.0 0.025 0.025
        vertex 0.02889177470052954 -0.0006753603985069973 0.0021217446107263185
    endloop
endfacet
facet normal 0 0 0
    outer loop
        vertex 0.035398863347986836 0.01870053893310432 -0.0003026929180173672
        vertex 0.02159794930644694 0.028209477967525768 -0.012370721630984221
        vertex 0.0 0.025 0.025
    endloop
endfacet
facet normal 0 0 0
    outer loop
        vertex 0.02159794930644694 0.028209477967525768 -0.012370721630984221
        vertex 0.02889177470052954 -0.0006753603985069973 0.0021217446107263185
        vertex 0.0 0.025 0.025
    endloop
endfacet
facet normal 0 0 0
    outer loop
        vertex 0.0 0.0 0.0
        vertex 0.0 0.025 0.025
        vertex 0.0 0.025 0.0
    endloop
endfacet
facet normal 0 0 0
    outer loop
        vertex 0.0 0.025 0.025
        vertex 0.02159794930644694 0.028209477967525768 -0.012370721630984221
        vertex 0.0 0.025 0.0
    endloop
endfacet
facet normal 0 0 0
    outer loop
        vertex 0.0 0.025 0.025
        vertex 0.0 0.0 0.0
        vertex 0.02159794930644694 0.028209477967525768 -0.012370721630984221
    endloop
endfacet
facet normal 0 0 0
    outer loop
        vertex 0.0 0.0 0.0
        vertex 0.0 0.025 0.0
        vertex 0.02159794930644694 0.028209477967525768 -0.012370721630984221
    endloop
endfacet
facet normal 0 0 0
    outer loop
        vertex 0.012694956126428476 0.0015556585850011026 -0.017730823768345845
        vertex 0.029549141217593864 0.025366928072814102 -0.03931425193863579
        vertex 0.021196168242635774 0.0017118559081195867 -0.04195497475463708
    endloop
endfacet
facet normal 0 0 0
    outer loop
        vertex 0.029549141217593864 0.025366928072814102 -0.03931425193863579
        vertex 0.042582305651248764 -0.003691200682936927 -0.031055546345420994
        vertex 0.021196168242635774 0.0017118559081195867 -0.04195497475463708
    endloop
endfacet
facet normal 0 0 0
    outer loop
        vertex 0.029549141217593864 0.025366928072814102 -0.03931425193863579
        vertex 0.012694956126428476 0.0015556585850011026 -0.017730823768345845
        vertex 0.042582305651248764 -0.003691200682936927 -0.031055546345420994
    endloop
endfacet
facet normal 0 0 0
    outer loop
        vertex 0.012694956126428476 0.0015556585850011026 -0.017730823768345845
        vertex 0.021196168242635774 0.0017118559081195867 -0.04195497475463708
        vertex 0.042582305651248764 -0.003691200682936927 -0.031055546345420994
    endloop
endfacet
facet normal 0 0 0
    outer loop
        vertex 0.012694956126428476 0.0015556585850011026 -0.017730823768345845
        vertex 0.02889177470052954 -0.0006753603985069973 0.0021217446107263185
        vertex 0.035398863347986836 0.01870053893310432 -0.0003026929180173672
    endloop
endfacet
facet normal 0 0 0
    outer loop
        vertex 0.02889177470052954 -0.0006753603985069973 0.0021217446107263185
        vertex 0.042582305651248764 -0.003691200682936927 -0.031055546345420994
        vertex 0.035398863347986836 0.01870053893310432 -0.0003026929180173672
    endloop
endfacet
facet normal 0 0 0
    outer loop
        vertex 0.02889177470052954 -0.0006753603985069973 0.0021217446107263185
        vertex 0.012694956126428476 0.0015556585850011026 -0.017730823768345845
        vertex 0.042582305651248764 -0.003691200682936927 -0.031055546345420994
    endloop
endfacet
facet normal 0 0 0
    outer loop
        vertex 0.012694956126428476 0.0015556585850011026 -0.017730823768345845
        vertex 0.035398863347986836 0.01870053893310432 -0.0003026929180173672
        vertex 0.042582305651248764 -0.003691200682936927 -0.031055546345420994
    endloop
endfacet
facet normal 0 0 0
    outer loop
        vertex 0.012694956126428476 0.0015556585850011026 -0.017730823768345845
        vertex 0.029549141217593864 0.025366928072814102 -0.03931425193863579
        vertex 0.042582305651248764 -0.003691200682936927 -0.031055546345420994
    endloop
endfacet
facet normal 0 0 0
    outer loop
        vertex 0.029549141217593864 0.025366928072814102 -0.03931425193863579
        vertex 0.035398863347986836 0.01870053893310432 -0.0003026929180173672
        vertex 0.042582305651248764 -0.003691200682936927 -0.031055546345420994
    endloop
endfacet
facet normal 0 0 0
    outer loop
        vertex 0.029549141217593864 0.025366928072814102 -0.03931425193863579
        vertex 0.012694956126428476 0.0015556585850011026 -0.017730823768345845
        vertex 0.035398863347986836 0.01870053893310432 -0.0003026929180173672
    endloop
endfacet
facet normal 0 0 0
    outer loop
        vertex 0.012694956126428476 0.0015556585850011026 -0.017730823768345845
        vertex 0.042582305651248764 -0.003691200682936927 -0.031055546345420994
        vertex 0.035398863347986836 0.01870053893310432 -0.0003026929180173672
    endloop
endfacet
facet normal 0 0 0
    outer loop
        vertex 0.029549141217593864 0.025366928072814102 -0.03931425193863579
        vertex 0.04869968104887954 0.01720750405936548 -0.03248234383475623
        vertex 0.042582305651248764 -0.003691200682936927 -0.031055546345420994
    endloop
endfacet
facet normal 0 0 0
    outer loop
        vertex 0.04869968104887954 0.01720750405936548 -0.03248234383475623
        vertex 0.035398863347986836 0.01870053893310432 -0.0003026929180173672
        vertex 0.042582305651248764 -0.003691200682936927 -0.031055546345420994
    endloop
endfacet
facet normal 0 0 0
    outer loop
        vertex 0.04869968104887954 0.01720750405936548 -0.03248234383475623
        vertex 0.029549141217593864 0.025366928072814102 -0.03931425193863579
        vertex 0.035398863347986836 0.01870053893310432 -0.0003026929180173672
    endloop
endfacet
facet normal 0 0 0
    outer loop
        vertex 0.029549141217593864 0.025366928072814102 -0.03931425193863579
        vertex 0.042582305651248764 -0.003691200682936927 -0.031055546345420994
        vertex 0.035398863347986836 0.01870053893310432 -0.0003026929180173672
    endloop
endfacet
facet normal 0 0 0
    outer loop
        vertex 0.012694956126428476 0.0015556585850011026 -0.017730823768345845
        vertex 0.035398863347986836 0.01870053893310432 -0.0003026929180173672
        vertex 0.02159794930644694 0.028209477967525768 -0.012370721630984221
    endloop
endfacet
facet normal 0 0 0
    outer loop
        vertex 0.035398863347986836 0.01870053893310432 -0.0003026929180173672
        vertex 0.029549141217593864 0.025366928072814102 -0.03931425193863579
        vertex 0.02159794930644694 0.028209477967525768 -0.012370721630984221
    endloop
endfacet
facet normal 0 0 0
    outer loop
        vertex 0.035398863347986836 0.01870053893310432 -0.0003026929180173672
        vertex 0.012694956126428476 0.0015556585850011026 -0.017730823768345845
        vertex 0.029549141217593864 0.025366928072814102 -0.03931425193863579
    endloop
endfacet
facet normal 0 0 0
    outer loop
        vertex 0.012694956126428476 0.0015556585850011026 -0.017730823768345845
        vertex 0.02159794930644694 0.028209477967525768 -0.012370721630984221
        vertex 0.029549141217593864 0.025366928072814102 -0.03931425193863579
    endloop
endfacet
facet normal 0 0 0
    outer loop
        vertex 0.021196168242635774 0.0017118559081195867 -0.04195497475463708
        vertex 0.03426745105255735 0.02367420323350685 -0.06798844810780288
        vertex 0.026836648316774674 0.0010288818818187688 -0.06965441561663736
    endloop
endfacet
facet normal 0 0 0
    outer loop
        vertex 0.03426745105255735 0.02367420323350685 -0.06798844810780288
        vertex 0.04867133023223405 -0.005599685832566647 -0.06180342097778558
        vertex 0.026836648316774674 0.0010288818818187688 -0.06965441561663736
    endloop
endfacet
facet normal 0 0 0
    outer loop
        vertex 0.03426745105255735 0.02367420323350685 -0.06798844810780288
        vertex 0.021196168242635774 0.0017118559081195867 -0.04195497475463708
        vertex 0.04867133023223405 -0.005599685832566647 -0.06180342097778558
    endloop
endfacet
facet normal 0 0 0
    outer loop
        vertex 0.021196168242635774 0.0017118559081195867 -0.04195497475463708
        vertex 0.026836648316774674 0.0010288818818187688 -0.06965441561663736
        vertex 0.04867133023223405 -0.005599685832566647 -0.06180342097778558
    endloop
endfacet
facet normal 0 0 0
    outer loop
        vertex 0.021196168242635774 0.0017118559081195867 -0.04195497475463708
        vertex 0.042582305651248764 -0.003691200682936927 -0.031055546345420994
        vertex 0.04869968104887954 0.01720750405936548 -0.03248234383475623
    endloop
endfacet
facet normal 0 0 0
    outer loop
        vertex 0.042582305651248764 -0.003691200682936927 -0.031055546345420994
        vertex 0.04867133023223405 -0.005599685832566647 -0.06180342097778558
        vertex 0.04869968104887954 0.01720750405936548 -0.03248234383475623
    endloop
endfacet
facet normal 0 0 0
    outer loop
        vertex 0.042582305651248764 -0.003691200682936927 -0.031055546345420994
        vertex 0.021196168242635774 0.0017118559081195867 -0.04195497475463708
        vertex 0.04867133023223405 -0.005599685832566647 -0.06180342097778558
    endloop
endfacet
facet normal 0 0 0
    outer loop
        vertex 0.021196168242635774 0.0017118559081195867 -0.04195497475463708
        vertex 0.04869968104887954 0.01720750405936548 -0.03248234383475623
        vertex 0.04867133023223405 -0.005599685832566647 -0.06180342097778558
    endloop
endfacet
facet normal 0 0 0
    outer loop
        vertex 0.021196168242635774 0.0017118559081195867 -0.04195497475463708
        vertex 0.03426745105255735 0.02367420323350685 -0.06798844810780288
        vertex 0.04867133023223405 -0.005599685832566647 -0.06180342097778558
    endloop
endfacet
facet normal 0 0 0
    outer loop
        vertex 0.03426745105255735 0.02367420323350685 -0.06798844810780288
        vertex 0.04869968104887954 0.01720750405936548 -0.03248234383475623
        vertex 0.04867133023223405 -0.005599685832566647 -0.06180342097778558
    endloop
endfacet
facet normal 0 0 0
    outer loop
        vertex 0.03426745105255735 0.02367420323350685 -0.06798844810780288
        vertex 0.021196168242635774 0.0017118559081195867 -0.04195497475463708
        vertex 0.04869968104887954 0.01720750405936548 -0.03248234383475623
    endloop
endfacet
facet normal 0 0 0
    outer loop
        vertex 0.021196168242635774 0.0017118559081195867 -0.04195497475463708
        vertex 0.04867133023223405 -0.005599685832566647 -0.06180342097778558
        vertex 0.04869968104887954 0.01720750405936548 -0.03248234383475623
    endloop
endfacet
facet normal 0 0 0
    outer loop
        vertex 0.03426745105255735 0.02367420323350685 -0.06798844810780288
        vertex 0.05537209097079665 0.01630394182919822 -0.06274860885796926
        vertex 0.04867133023223405 -0.005599685832566647 -0.06180342097778558
    endloop
endfacet
facet normal 0 0 0
    outer loop
        vertex 0.05537209097079665 0.01630394182919822 -0.06274860885796926
        vertex 0.04869968104887954 0.01720750405936548 -0.03248234383475623
        vertex 0.04867133023223405 -0.005599685832566647 -0.06180342097778558
    endloop
endfacet
facet normal 0 0 0
    outer loop
        vertex 0.05537209097079665 0.01630394182919822 -0.06274860885796926
        vertex 0.03426745105255735 0.02367420323350685 -0.06798844810780288
        vertex 0.04869968104887954 0.01720750405936548 -0.03248234383475623
    endloop
endfacet
facet normal 0 0 0
    outer loop
        vertex 0.03426745105255735 0.02367420323350685 -0.06798844810780288
        vertex 0.04867133023223405 -0.005599685832566647 -0.06180342097778558
        vertex 0.04869968104887954 0.01720750405936548 -0.03248234383475623
    endloop
endfacet
facet normal 0 0 0
    outer loop
        vertex 0.021196168242635774 0.0017118559081195867 -0.04195497475463708
        vertex 0.04869968104887954 0.01720750405936548 -0.03248234383475623
        vertex 0.029549141217593864 0.025366928072814102 -0.03931425193863579
    endloop
endfacet
facet normal 0 0 0
    outer loop
        vertex 0.04869968104887954 0.01720750405936548 -0.03248234383475623
        vertex 0.03426745105255735 0.02367420323350685 -0.06798844810780288
        vertex 0.029549141217593864 0.025366928072814102 -0.03931425193863579
    endloop
endfacet
facet normal 0 0 0
    outer loop
        vertex 0.04869968104887954 0.01720750405936548 -0.03248234383475623
        vertex 0.021196168242635774 0.0017118559081195867 -0.04195497475463708
        vertex 0.03426745105255735 0.02367420323350685 -0.06798844810780288
    endloop
endfacet
facet normal 0 0 0
    outer loop
        vertex 0.021196168242635774 0.0017118559081195867 -0.04195497475463708
        vertex 0.029549141217593864 0.025366928072814102 -0.03931425193863579
        vertex 0.03426745105255735 0.02367420323350685 -0.06798844810780288
    endloop
endfacet
facet normal 0 0 0
    outer loop
        vertex 0.026836648316774674 0.0010288818818187688 -0.06965441561663736
        vertex 0.0390039903593464 0.02238704662283852 -0.09647652259977525
        vertex 0.031790496217135644 -0.00015511657961844838 -0.09764318484365113
    endloop
endfacet
facet normal 0 0 0
    outer loop
        vertex 0.0390039903593464 0.02238704662283852 -0.09647652259977525
        vertex 0.05374303965722271 -0.007374895324871424 -0.09049009560593779
        vertex 0.031790496217135644 -0.00015511657961844838 -0.09764318484365113
    endloop
endfacet
facet normal 0 0 0
    outer loop
        vertex 0.0390039903593464 0.02238704662283852 -0.09647652259977525
        vertex 0.026836648316774674 0.0010288818818187688 -0.06965441561663736
        vertex 0.05374303965722271 -0.007374895324871424 -0.09049009560593779
    endloop
endfacet
facet normal 0 0 0
    outer loop
        vertex 0.026836648316774674 0.0010288818818187688 -0.06965441561663736
        vertex 0.031790496217135644 -0.00015511657961844838 -0.09764318484365113
        vertex 0.05374303965722271 -0.007374895324871424 -0.09049009560593779
    endloop
endfacet
facet normal 0 0 0
    outer loop
        vertex 0.026836648316774674 0.0010288818818187688 -0.06965441561663736
        vertex 0.04867133023223405 -0.005599685832566647 -0.06180342097778558
        vertex 0.05537209097079665 0.01630394182919822 -0.06274860885796926
    endloop
endfacet
facet normal 0 0 0
    outer loop
        vertex 0.04867133023223405 -0.005599685832566647 -0.06180342097778558
        vertex 0.05374303965722271 -0.007374895324871424 -0.09049009560593779
        vertex 0.05537209097079665 0.01630394182919822 -0.06274860885796926
    endloop
endfacet
facet normal 0 0 0
    outer loop
        vertex 0.04867133023223405 -0.005599685832566647 -0.06180342097778558
        vertex 0.026836648316774674 0.0010288818818187688 -0.06965441561663736
        vertex 0.05374303965722271 -0.007374895324871424 -0.09049009560593779
    endloop
endfacet
facet normal 0 0 0
    outer loop
        vertex 0.026836648316774674 0.0010288818818187688 -0.06965441561663736
        vertex 0.05537209097079665 0.01630394182919822 -0.06274860885796926
        vertex 0.05374303965722271 -0.007374895324871424 -0.09049009560593779
    endloop
endfacet
facet normal 0 0 0
    outer loop
        vertex 0.026836648316774674 0.0010288818818187688 -0.06965441561663736
        vertex 0.0390039903593464 0.02238704662283852 -0.09647652259977525
        vertex 0.05374303965722271 -0.007374895324871424 -0.09049009560593779
    endloop
endfacet
facet normal 0 0 0
    outer loop
        vertex 0.0390039903593464 0.02238704662283852 -0.09647652259977525
        vertex 0.05537209097079665 0.01630394182919822 -0.06274860885796926
        vertex 0.05374303965722271 -0.007374895324871424 -0.09049009560593779
    endloop
endfacet
facet normal 0 0 0
    outer loop
        vertex 0.0390039903593464 0.02238704662283852 -0.09647652259977525
        vertex 0.026836648316774674 0.0010288818818187688 -0.06965441561663736
        vertex 0.05537209097079665 0.01630394182919822 -0.06274860885796926
    endloop
endfacet
facet normal 0 0 0
    outer loop
        vertex 0.026836648316774674 0.0010288818818187688 -0.06965441561663736
        vertex 0.05374303965722271 -0.007374895324871424 -0.09049009560593779
        vertex 0.05537209097079665 0.01630394182919822 -0.06274860885796926
    endloop
endfacet
facet normal 0 0 0
    outer loop
        vertex 0.0390039903593464 0.02238704662283852 -0.09647652259977525
        vertex 0.06081069595701575 0.01527912365816882 -0.0910646231652878
        vertex 0.05374303965722271 -0.007374895324871424 -0.09049009560593779
    endloop
endfacet
facet normal 0 0 0
    outer loop
        vertex 0.06081069595701575 0.01527912365816882 -0.0910646231652878
        vertex 0.05537209097079665 0.01630394182919822 -0.06274860885796926
        vertex 0.05374303965722271 -0.007374895324871424 -0.09049009560593779
    endloop
endfacet
facet normal 0 0 0
    outer loop
        vertex 0.06081069595701575 0.01527912365816882 -0.0910646231652878
        vertex 0.0390039903593464 0.02238704662283852 -0.09647652259977525
        vertex 0.05537209097079665 0.01630394182919822 -0.06274860885796926
    endloop
endfacet
facet normal 0 0 0
    outer loop
        vertex 0.0390039903593464 0.02238704662283852 -0.09647652259977525
        vertex 0.05374303965722271 -0.007374895324871424 -0.09049009560593779
        vertex 0.05537209097079665 0.01630394182919822 -0.06274860885796926
    endloop
endfacet
facet normal 0 0 0
    outer loop
        vertex 0.026836648316774674 0.0010288818818187688 -0.06965441561663736
        vertex 0.05537209097079665 0.01630394182919822 -0.06274860885796926
        vertex 0.03426745105255735 0.02367420323350685 -0.06798844810780288
    endloop
endfacet
facet normal 0 0 0
    outer loop
        vertex 0.05537209097079665 0.01630394182919822 -0.06274860885796926
        vertex 0.0390039903593464 0.02238704662283852 -0.09647652259977525
        vertex 0.03426745105255735 0.02367420323350685 -0.06798844810780288
    endloop
endfacet
facet normal 0 0 0
    outer loop
        vertex 0.05537209097079665 0.01630394182919822 -0.06274860885796926
        vertex 0.026836648316774674 0.0010288818818187688 -0.06965441561663736
        vertex 0.0390039903593464 0.02238704662283852 -0.09647652259977525
    endloop
endfacet
facet normal 0 0 0
    outer loop
        vertex 0.026836648316774674 0.0010288818818187688 -0.06965441561663736
        vertex 0.03426745105255735 0.02367420323350685 -0.06798844810780288
        vertex 0.0390039903593464 0.02238704662283852 -0.09647652259977525
    endloop
endfacet
facet normal 0 0 0
    outer loop
        vertex 0.031790496217135644 -0.00015511657961844838 -0.09764318484365113
        vertex 0.04440964420577134 0.020951587765027008 -0.12417413130340345
        vertex 0.037248456091946866 -0.0017013203489883424 -0.12506675546061852
    endloop
endfacet
facet normal 0 0 0
    outer loop
        vertex 0.04440964420577134 0.020951587765027008 -0.12417413130340345
        vertex 0.059177244848600916 -0.009228669301853964 -0.11748443523912394
        vertex 0.037248456091946866 -0.0017013203489883424 -0.12506675546061852
    endloop
endfacet
facet normal 0 0 0
    outer loop
        vertex 0.04440964420577134 0.020951587765027008 -0.12417413130340345
        vertex 0.031790496217135644 -0.00015511657961844838 -0.09764318484365113
        vertex 0.059177244848600916 -0.009228669301853964 -0.11748443523912394
    endloop
endfacet
facet normal 0 0 0
    outer loop
        vertex 0.031790496217135644 -0.00015511657961844838 -0.09764318484365113
        vertex 0.037248456091946866 -0.0017013203489883424 -0.12506675546061852
        vertex 0.059177244848600916 -0.009228669301853964 -0.11748443523912394
    endloop
endfacet
facet normal 0 0 0
    outer loop
        vertex 0.031790496217135644 -0.00015511657961844838 -0.09764318484365113
        vertex 0.05374303965722271 -0.007374895324871424 -0.09049009560593779
        vertex 0.06081069595701575 0.01527912365816882 -0.0910646231652878
    endloop
endfacet
facet normal 0 0 0
    outer loop
        vertex 0.05374303965722271 -0.007374895324871424 -0.09049009560593779
        vertex 0.059177244848600916 -0.009228669301853964 -0.11748443523912394
        vertex 0.06081069595701575 0.01527912365816882 -0.0910646231652878
    endloop
endfacet
facet normal 0 0 0
    outer loop
        vertex 0.05374303965722271 -0.007374895324871424 -0.09049009560593779
        vertex 0.031790496217135644 -0.00015511657961844838 -0.09764318484365113
        vertex 0.059177244848600916 -0.009228669301853964 -0.11748443523912394
    endloop
endfacet
facet normal 0 0 0
    outer loop
        vertex 0.031790496217135644 -0.00015511657961844838 -0.09764318484365113
        vertex 0.06081069595701575 0.01527912365816882 -0.0910646231652878
        vertex 0.059177244848600916 -0.009228669301853964 -0.11748443523912394
    endloop
endfacet
facet normal 0 0 0
    outer loop
        vertex 0.031790496217135644 -0.00015511657961844838 -0.09764318484365113
        vertex 0.04440964420577134 0.020951587765027008 -0.12417413130340345
        vertex 0.059177244848600916 -0.009228669301853964 -0.11748443523912394
    endloop
endfacet
facet normal 0 0 0
    outer loop
        vertex 0.04440964420577134 0.020951587765027008 -0.12417413130340345
        vertex 0.06081069595701575 0.01527912365816882 -0.0910646231652878
        vertex 0.059177244848600916 -0.009228669301853964 -0.11748443523912394
    endloop
endfacet
facet normal 0 0 0
    outer loop
        vertex 0.04440964420577134 0.020951587765027008 -0.12417413130340345
        vertex 0.031790496217135644 -0.00015511657961844838 -0.09764318484365113
        vertex 0.06081069595701575 0.01527912365816882 -0.0910646231652878
    endloop
endfacet
facet normal 0 0 0
    outer loop
        vertex 0.031790496217135644 -0.00015511657961844838 -0.09764318484365113
        vertex 0.059177244848600916 -0.009228669301853964 -0.11748443523912394
        vertex 0.06081069595701575 0.01527912365816882 -0.0910646231652878
    endloop
endfacet
facet normal 0 0 0
    outer loop
        vertex 0.04440964420577134 0.020951587765027008 -0.12417413130340345
        vertex 0.06652340200891119 0.013960091184374086 -0.11772392468191631
        vertex 0.059177244848600916 -0.009228669301853964 -0.11748443523912394
    endloop
endfacet
facet normal 0 0 0
    outer loop
        vertex 0.06652340200891119 0.013960091184374086 -0.11772392468191631
        vertex 0.06081069595701575 0.01527912365816882 -0.0910646231652878
        vertex 0.059177244848600916 -0.009228669301853964 -0.11748443523912394
    endloop
endfacet
facet normal 0 0 0
    outer loop
        vertex 0.06652340200891119 0.013960091184374086 -0.11772392468191631
        vertex 0.04440964420577134 0.020951587765027008 -0.12417413130340345
        vertex 0.06081069595701575 0.01527912365816882 -0.0910646231652878
    endloop
endfacet
facet normal 0 0 0
    outer loop
        vertex 0.04440964420577134 0.020951587765027008 -0.12417413130340345
        vertex 0.059177244848600916 -0.009228669301853964 -0.11748443523912394
        vertex 0.06081069595701575 0.01527912365816882 -0.0910646231652878
    endloop
endfacet
facet normal 0 0 0
    outer loop
        vertex 0.031790496217135644 -0.00015511657961844838 -0.09764318484365113
        vertex 0.06081069595701575 0.01527912365816882 -0.0910646231652878
        vertex 0.0390039903593464 0.02238704662283852 -0.09647652259977525
    endloop
endfacet
facet normal 0 0 0
    outer loop
        vertex 0.06081069595701575 0.01527912365816882 -0.0910646231652878
        vertex 0.04440964420577134 0.020951587765027008 -0.12417413130340345
        vertex 0.0390039903593464 0.02238704662283852 -0.09647652259977525
    endloop
endfacet
facet normal 0 0 0
    outer loop
        vertex 0.06081069595701575 0.01527912365816882 -0.0910646231652878
        vertex 0.031790496217135644 -0.00015511657961844838 -0.09764318484365113
        vertex 0.04440964420577134 0.020951587765027008 -0.12417413130340345
    endloop
endfacet
facet normal 0 0 0
    outer loop
        vertex 0.031790496217135644 -0.00015511657961844838 -0.09764318484365113
        vertex 0.0390039903593464 0.02238704662283852 -0.09647652259977525
        vertex 0.04440964420577134 0.020951587765027008 -0.12417413130340345
    endloop
endfacet
facet normal 0 0 0
    outer loop
        vertex 0.037248456091946866 -0.0017013203489883424 -0.12506675546061852
        vertex 0.051074490028007166 0.019254182012179967 -0.15076105937165812
        vertex 0.04386152212885337 -0.0036513688434045553 -0.15140313454817758
    endloop
endfacet
facet normal 0 0 0
    outer loop
        vertex 0.051074490028007166 0.019254182012179967 -0.15076105937165812
        vertex 0.06569354451150272 -0.01130460562857822 -0.1430032777297429
        vertex 0.04386152212885337 -0.0036513688434045553 -0.15140313454817758
    endloop
endfacet
facet normal 0 0 0
    outer loop
        vertex 0.051074490028007166 0.019254182012179967 -0.15076105937165812
        vertex 0.037248456091946866 -0.0017013203489883424 -0.12506675546061852
        vertex 0.06569354451150272 -0.01130460562857822 -0.1430032777297429
    endloop
endfacet
facet normal 0 0 0
    outer loop
        vertex 0.037248456091946866 -0.0017013203489883424 -0.12506675546061852
        vertex 0.04386152212885337 -0.0036513688434045553 -0.15140313454817758
        vertex 0.06569354451150272 -0.01130460562857822 -0.1430032777297429
    endloop
endfacet
facet normal 0 0 0
    outer loop
        vertex 0.037248456091946866 -0.0017013203489883424 -0.12506675546061852
        vertex 0.059177244848600916 -0.009228669301853964 -0.11748443523912394
        vertex 0.06652340200891119 0.013960091184374086 -0.11772392468191631
    endloop
endfacet
facet normal 0 0 0
    outer loop
        vertex 0.059177244848600916 -0.009228669301853964 -0.11748443523912394
        vertex 0.06569354451150272 -0.01130460562857822 -0.1430032777297429
        vertex 0.06652340200891119 0.013960091184374086 -0.11772392468191631
    endloop
endfacet
facet normal 0 0 0
    outer loop
        vertex 0.059177244848600916 -0.009228669301853964 -0.11748443523912394
        vertex 0.037248456091946866 -0.0017013203489883424 -0.12506675546061852
        vertex 0.06569354451150272 -0.01130460562857822 -0.1430032777297429
    endloop
endfacet
facet normal 0 0 0
    outer loop
        vertex 0.037248456091946866 -0.0017013203489883424 -0.12506675546061852
        vertex 0.06652340200891119 0.013960091184374086 -0.11772392468191631
        vertex 0.06569354451150272 -0.01130460562857822 -0.1430032777297429
    endloop
endfacet
facet normal 0 0 0
    outer loop
        vertex 0.037248456091946866 -0.0017013203489883424 -0.12506675546061852
        vertex 0.051074490028007166 0.019254182012179967 -0.15076105937165812
        vertex 0.06569354451150272 -0.01130460562857822 -0.1430032777297429
    endloop
endfacet
facet normal 0 0 0
    outer loop
        vertex 0.051074490028007166 0.019254182012179967 -0.15076105937165812
        vertex 0.06652340200891119 0.013960091184374086 -0.11772392468191631
        vertex 0.06569354451150272 -0.01130460562857822 -0.1430032777297429
    endloop
endfacet
facet normal 0 0 0
    outer loop
        vertex 0.051074490028007166 0.019254182012179967 -0.15076105937165812
        vertex 0.037248456091946866 -0.0017013203489883424 -0.12506675546061852
        vertex 0.06652340200891119 0.013960091184374086 -0.11772392468191631
    endloop
endfacet
facet normal 0 0 0
    outer loop
        vertex 0.037248456091946866 -0.0017013203489883424 -0.12506675546061852
        vertex 0.06569354451150272 -0.01130460562857822 -0.1430032777297429
        vertex 0.06652340200891119 0.013960091184374086 -0.11772392468191631
    endloop
endfacet
facet normal 0 0 0
    outer loop
        vertex 0.051074490028007166 0.019254182012179967 -0.15076105937165812
        vertex 0.07325495548172443 0.012224528496662003 -0.14285752633021953
        vertex 0.06569354451150272 -0.01130460562857822 -0.1430032777297429
    endloop
endfacet
facet normal 0 0 0
    outer loop
        vertex 0.07325495548172443 0.012224528496662003 -0.14285752633021953
        vertex 0.06652340200891119 0.013960091184374086 -0.11772392468191631
        vertex 0.06569354451150272 -0.01130460562857822 -0.1430032777297429
    endloop
endfacet
facet normal 0 0 0
    outer loop
        vertex 0.07325495548172443 0.012224528496662003 -0.14285752633021953
        vertex 0.051074490028007166 0.019254182012179967 -0.15076105937165812
        vertex 0.06652340200891119 0.013960091184374086 -0.11772392468191631
    endloop
endfacet
facet normal 0 0 0
    outer loop
        vertex 0.051074490028007166 0.019254182012179967 -0.15076105937165812
        vertex 0.06569354451150272 -0.01130460562857822 -0.1430032777297429
        vertex 0.06652340200891119 0.013960091184374086 -0.11772392468191631
    endloop
endfacet
facet normal 0 0 0
    outer loop
        vertex 0.037248456091946866 -0.0017013203489883424 -0.12506675546061852
        vertex 0.06652340200891119 0.013960091184374086 -0.11772392468191631
        vertex 0.04440964420577134 0.020951587765027008 -0.12417413130340345
    endloop
endfacet
facet normal 0 0 0
    outer loop
        vertex 0.06652340200891119 0.013960091184374086 -0.11772392468191631
        vertex 0.051074490028007166 0.019254182012179967 -0.15076105937165812
        vertex 0.04440964420577134 0.020951587765027008 -0.12417413130340345
    endloop
endfacet
facet normal 0 0 0
    outer loop
        vertex 0.06652340200891119 0.013960091184374086 -0.11772392468191631
        vertex 0.037248456091946866 -0.0017013203489883424 -0.12506675546061852
        vertex 0.051074490028007166 0.019254182012179967 -0.15076105937165812
    endloop
endfacet
facet normal 0 0 0
    outer loop
        vertex 0.037248456091946866 -0.0017013203489883424 -0.12506675546061852
        vertex 0.04440964420577134 0.020951587765027008 -0.12417413130340345
        vertex 0.051074490028007166 0.019254182012179967 -0.15076105937165812
    endloop
endfacet
facet normal 0 0 0
    outer loop
        vertex 0.04386152212885337 -0.0036513688434045553 -0.15140313454817758
        vertex 0.0591832734605382 0.017241675360694472 -0.17593576795466806
        vertex 0.05199441921753567 -0.005836128115749502 -0.17646827393144499
    endloop
endfacet
facet normal 0 0 0
    outer loop
        vertex 0.0591832734605382 0.017241675360694472 -0.17593576795466806
        vertex 0.07362051575801944 -0.013573219910186419 -0.16726358733398888
        vertex 0.05199441921753567 -0.005836128115749502 -0.17646827393144499
    endloop
endfacet
facet normal 0 0 0
    outer loop
        vertex 0.0591832734605382 0.017241675360694472 -0.17593576795466806
        vertex 0.04386152212885337 -0.0036513688434045553 -0.15140313454817758
        vertex 0.07362051575801944 -0.013573219910186419 -0.16726358733398888
    endloop
endfacet
facet normal 0 0 0
    outer loop
        vertex 0.04386152212885337 -0.0036513688434045553 -0.15140313454817758
        vertex 0.05199441921753567 -0.005836128115749502 -0.17646827393144499
        vertex 0.07362051575801944 -0.013573219910186419 -0.16726358733398888
    endloop
endfacet
facet normal 0 0 0
    outer loop
        vertex 0.04386152212885337 -0.0036513688434045553 -0.15140313454817758
        vertex 0.06569354451150272 -0.01130460562857822 -0.1430032777297429
        vertex 0.07325495548172443 0.012224528496662003 -0.14285752633021953
    endloop
endfacet
facet normal 0 0 0
    outer loop
        vertex 0.06569354451150272 -0.01130460562857822 -0.1430032777297429
        vertex 0.07362051575801944 -0.013573219910186419 -0.16726358733398888
        vertex 0.07325495548172443 0.012224528496662003 -0.14285752633021953
    endloop
endfacet
facet normal 0 0 0
    outer loop
        vertex 0.06569354451150272 -0.01130460562857822 -0.1430032777297429
        vertex 0.04386152212885337 -0.0036513688434045553 -0.15140313454817758
        vertex 0.07362051575801944 -0.013573219910186419 -0.16726358733398888
    endloop
endfacet
facet normal 0 0 0
    outer loop
        vertex 0.04386152212885337 -0.0036513688434045553 -0.15140313454817758
        vertex 0.07325495548172443 0.012224528496662003 -0.14285752633021953
        vertex 0.07362051575801944 -0.013573219910186419 -0.16726358733398888
    endloop
endfacet
facet normal 0 0 0
    outer loop
        vertex 0.04386152212885337 -0.0036513688434045553 -0.15140313454817758
        vertex 0.0591832734605382 0.017241675360694472 -0.17593576795466806
        vertex 0.07362051575801944 -0.013573219910186419 -0.16726358733398888
    endloop
endfacet
facet normal 0 0 0
    outer loop
        vertex 0.0591832734605382 0.017241675360694472 -0.17593576795466806
        vertex 0.07325495548172443 0.012224528496662003 -0.14285752633021953
        vertex 0.07362051575801944 -0.013573219910186419 -0.16726358733398888
    endloop
endfacet
facet normal 0 0 0
    outer loop
        vertex 0.0591832734605382 0.017241675360694472 -0.17593576795466806
        vertex 0.04386152212885337 -0.0036513688434045553 -0.15140313454817758
        vertex 0.07325495548172443 0.012224528496662003 -0.14285752633021953
    endloop
endfacet
facet normal 0 0 0
    outer loop
        vertex 0.04386152212885337 -0.0036513688434045553 -0.15140313454817758
        vertex 0.07362051575801944 -0.013573219910186419 -0.16726358733398888
        vertex 0.07325495548172443 0.012224528496662003 -0.14285752633021953
    endloop
endfacet
facet normal 0 0 0
    outer loop
        vertex 0.0591832734605382 0.017241675360694472 -0.17593576795466806
        vertex 0.0813325031291957 0.009905275823571254 -0.16669989251709172
        vertex 0.07362051575801944 -0.013573219910186419 -0.16726358733398888
    endloop
endfacet
facet normal 0 0 0
    outer loop
        vertex 0.0813325031291957 0.009905275823571254 -0.16669989251709172
        vertex 0.07325495548172443 0.012224528496662003 -0.14285752633021953
        vertex 0.07362051575801944 -0.013573219910186419 -0.16726358733398888
    endloop
endfacet
facet normal 0 0 0
    outer loop
        vertex 0.0813325031291957 0.009905275823571254 -0.16669989251709172
        vertex 0.0591832734605382 0.017241675360694472 -0.17593576795466806
        vertex 0.07325495548172443 0.012224528496662003 -0.14285752633021953
    endloop
endfacet
facet normal 0 0 0
    outer loop
        vertex 0.0591832734605382 0.017241675360694472 -0.17593576795466806
        vertex 0.07362051575801944 -0.013573219910186419 -0.16726358733398888
        vertex 0.07325495548172443 0.012224528496662003 -0.14285752633021953
    endloop
endfacet
facet normal 0 0 0
    outer loop
        vertex 0.04386152212885337 -0.0036513688434045553 -0.15140313454817758
        vertex 0.07325495548172443 0.012224528496662003 -0.14285752633021953
        vertex 0.051074490028007166 0.019254182012179967 -0.15076105937165812
    endloop
endfacet
facet normal 0 0 0
    outer loop
        vertex 0.07325495548172443 0.012224528496662003 -0.14285752633021953
        vertex 0.0591832734605382 0.017241675360694472 -0.17593576795466806
        vertex 0.051074490028007166 0.019254182012179967 -0.15076105937165812
    endloop
endfacet
facet normal 0 0 0
    outer loop
        vertex 0.07325495548172443 0.012224528496662003 -0.14285752633021953
        vertex 0.04386152212885337 -0.0036513688434045553 -0.15140313454817758
        vertex 0.0591832734605382 0.017241675360694472 -0.17593576795466806
    endloop
endfacet
facet normal 0 0 0
    outer loop
        vertex 0.04386152212885337 -0.0036513688434045553 -0.15140313454817758
        vertex 0.051074490028007166 0.019254182012179967 -0.15076105937165812
        vertex 0.0591832734605382 0.017241675360694472 -0.17593576795466806
    endloop
endfacet
endsolid