solid tet_mesh
facet normal 0 0 0
    outer loop
        vertex 0.0 0.0 0.0
        vertex 0.012296992662748555 0.03008008919392157 -0.029268724805280914
        vertex -0.005606546931976698 -0.015378182934610731 -0.032271217912569476
    endloop
endfacet
facet normal 0 0 0
    outer loop
        vertex 0.012296992662748555 0.03008008919392157 -0.029268724805280914
        vertex 0.037688683292170136 0.005077310661356325 -0.004265258359366881
        vertex -0.005606546931976698 -0.015378182934610731 -0.032271217912569476
    endloop
endfacet
facet normal 0 0 0
    outer loop
        vertex 0.012296992662748555 0.03008008919392157 -0.029268724805280914
        vertex 0.0 0.0 0.0
        vertex 0.037688683292170136 0.005077310661356325 -0.004265258359366881
    endloop
endfacet
facet normal 0 0 0
    outer loop
        vertex 0.0 0.0 0.0
        vertex -0.005606546931976698 -0.015378182934610731 -0.032271217912569476
        vertex 0.037688683292170136 0.005077310661356325 -0.004265258359366881
    endloop
endfacet
facet normal 0 0 0
    outer loop
        vertex 0.0 0.0 0.0
        vertex 0.0 0.0 0.025
        vertex 0.0 0.025 0.025
    endloop
endfacet
facet normal 0 0 0
    outer loop
        vertex 0.0 0.0 0.025
        vertex 0.037688683292170136 0.005077310661356325 -0.004265258359366881
        vertex 0.0 0.025 0.025
    endloop
endfacet
facet normal 0 0 0
    outer loop
        vertex 0.0 0.0 0.025
        vertex 0.0 0.0 0.0
        vertex 0.037688683292170136 0.005077310661356325 -0.004265258359366881
    endloop
endfacet
facet normal 0 0 0
    outer loop
        vertex 0.0 0.0 0.0
        vertex 0.0 0.025 0.025
        vertex 0.037688683292170136 0.005077310661356325 -0.004265258359366881
    endloop
endfacet
facet normal 0 0 0
    outer loop
        vertex 0.0 0.0 0.0
        vertex 0.012296992662748555 0.03008008919392157 -0.029268724805280914
        vertex 0.037688683292170136 0.005077310661356325 -0.004265258359366881
    endloop
endfacet
facet normal 0 0 0
    outer loop
        vertex 0.012296992662748555 0.03008008919392157 -0.029268724805280914
        vertex 0.0 0.025 0.025
        vertex 0.037688683292170136 0.005077310661356325 -0.004265258359366881
    endloop
endfacet
facet normal 0 0 0
    outer loop
        vertex 0.012296992662748555 0.03008008919392157 -0.029268724805280914
        vertex 0.0 0.0 0.0
        vertex 0.0 0.025 0.025
    endloop
endfacet
facet normal 0 0 0
    outer loop
        vertex 0.0 0.0 0.0
        vertex 0.037688683292170136 0.005077310661356325 -0.004265258359366881
        vertex 0.0 0.025 0.025
    endloop
endfacet
facet normal 0 0 0
    outer loop
        vertex 0.012296992662748555 0.03008008919392157 -0.029268724805280914
        vertex 0.0556107250152355 0.009629496074400674 -0.007261472551740977
        vertex 0.037688683292170136 0.005077310661356325 -0.004265258359366881
    endloop
endfacet
facet normal 0 0 0
    outer loop
        vertex 0.0556107250152355 0.009629496074400674 -0.007261472551740977
        vertex 0.0 0.025 0.025
        vertex 0.037688683292170136 0.005077310661356325 -0.004265258359366881
    endloop
endfacet
facet normal 0 0 0
    outer loop
        vertex 0.0556107250152355 0.009629496074400674 -0.007261472551740977
        vertex 0.012296992662748555 0.03008008919392157 -0.029268724805280914
        vertex 0.0 0.025 0.025
    endloop
endfacet
facet normal 0 0 0
    outer loop
        vertex 0.012296992662748555 0.03008008919392157 -0.029268724805280914
        vertex 0.037688683292170136 0.005077310661356325 -0.004265258359366881
        vertex 0.0 0.025 0.025
    endloop
endfacet
facet normal 0 0 0
    outer loop
        vertex 0.0 0.0 0.0
        vertex 0.0 0.025 0.025
        vertex 0.0 0.025 0.0
    endloop
endfacet
facet normal 0 0 0
    outer loop
        vertex 0.0 0.025 0.025
        vertex 0.012296992662748555 0.03008008919392157 -0.029268724805280914
        vertex 0.0 0.025 0.0
    endloop
endfacet
facet normal 0 0 0
    outer loop
        vertex 0.0 0.025 0.025
        vertex 0.0 0.0 0.0
        vertex 0.012296992662748555 0.03008008919392157 -0.029268724805280914
    endloop
endfacet
facet normal 0 0 0
    outer loop
        vertex 0.0 0.0 0.0
        vertex 0.0 0.025 0.0
        vertex 0.012296992662748555 0.03008008919392157 -0.029268724805280914
    endloop
endfacet
facet normal 0 0 0
    outer loop
        vertex -0.005606546931976698 -0.015378182934610731 -0.032271217912569476
        vertex 0.013572232503754118 0.011723066600273073 -0.10861001100542635
        vertex -0.003403604467682432 -0.028239564557041134 -0.11154526409486495
    endloop
endfacet
facet normal 0 0 0
    outer loop
        vertex 0.013572232503754118 0.011723066600273073 -0.10861001100542635
        vertex 0.08636535931060113 -0.013290431333297967 -0.08358273027512136
        vertex -0.003403604467682432 -0.028239564557041134 -0.11154526409486495
    endloop
endfacet
facet normal 0 0 0
    outer loop
        vertex 0.013572232503754118 0.011723066600273073 -0.10861001100542635
        vertex -0.005606546931976698 -0.015378182934610731 -0.032271217912569476
        vertex 0.08636535931060113 -0.013290431333297967 -0.08358273027512136
    endloop
endfacet
facet normal 0 0 0
    outer loop
        vertex -0.005606546931976698 -0.015378182934610731 -0.032271217912569476
        vertex -0.003403604467682432 -0.028239564557041134 -0.11154526409486495
        vertex 0.08636535931060113 -0.013290431333297967 -0.08358273027512136
    endloop
endfacet
facet normal 0 0 0
    outer loop
        vertex -0.005606546931976698 -0.015378182934610731 -0.032271217912569476
        vertex 0.037688683292170136 0.005077310661356325 -0.004265258359366881
        vertex 0.0556107250152355 0.009629496074400674 -0.007261472551740977
    endloop
endfacet
facet normal 0 0 0
    outer loop
        vertex 0.037688683292170136 0.005077310661356325 -0.004265258359366881
        vertex 0.08636535931060113 -0.013290431333297967 -0.08358273027512136
        vertex 0.0556107250152355 0.009629496074400674 -0.007261472551740977
    endloop
endfacet
facet normal 0 0 0
    outer loop
        vertex 0.037688683292170136 0.005077310661356325 -0.004265258359366881
        vertex -0.005606546931976698 -0.015378182934610731 -0.032271217912569476
        vertex 0.08636535931060113 -0.013290431333297967 -0.08358273027512136
    endloop
endfacet
facet normal 0 0 0
    outer loop
        vertex -0.005606546931976698 -0.015378182934610731 -0.032271217912569476
        vertex 0.0556107250152355 0.009629496074400674 -0.007261472551740977
        vertex 0.08636535931060113 -0.013290431333297967 -0.08358273027512136
    endloop
endfacet
facet normal 0 0 0
    outer loop
        vertex -0.005606546931976698 -0.015378182934610731 -0.032271217912569476
        vertex 0.013572232503754118 0.011723066600273073 -0.10861001100542635
        vertex 0.08636535931060113 -0.013290431333297967 -0.08358273027512136
    endloop
endfacet
facet normal 0 0 0
    outer loop
        vertex 0.013572232503754118 0.011723066600273073 -0.10861001100542635
        vertex 0.0556107250152355 0.009629496074400674 -0.007261472551740977
        vertex 0.08636535931060113 -0.013290431333297967 -0.08358273027512136
    endloop
endfacet
facet normal 0 0 0
    outer loop
        vertex 0.013572232503754118 0.011723066600273073 -0.10861001100542635
        vertex -0.005606546931976698 -0.015378182934610731 -0.032271217912569476
        vertex 0.0556107250152355 0.009629496074400674 -0.007261472551740977
    endloop
endfacet
facet normal 0 0 0
    outer loop
        vertex -0.005606546931976698 -0.015378182934610731 -0.032271217912569476
        vertex 0.08636535931060113 -0.013290431333297967 -0.08358273027512136
        vertex 0.0556107250152355 0.009629496074400674 -0.007261472551740977
    endloop
endfacet
facet normal 0 0 0
    outer loop
        vertex 0.013572232503754118 0.011723066600273073 -0.10861001100542635
        vertex 0.10346071892197978 -0.0032865937859421004 -0.08654543283818322
        vertex 0.08636535931060113 -0.013290431333297967 -0.08358273027512136
    endloop
endfacet
facet normal 0 0 0
    outer loop
        vertex 0.10346071892197978 -0.0032865937859421004 -0.08654543283818322
        vertex 0.0556107250152355 0.009629496074400674 -0.007261472551740977
        vertex 0.08636535931060113 -0.013290431333297967 -0.08358273027512136
    endloop
endfacet
facet normal 0 0 0
    outer loop
        vertex 0.10346071892197978 -0.0032865937859421004 -0.08654543283818322
        vertex 0.013572232503754118 0.011723066600273073 -0.10861001100542635
        vertex 0.0556107250152355 0.009629496074400674 -0.007261472551740977
    endloop
endfacet
facet normal 0 0 0
    outer loop
        vertex 0.013572232503754118 0.011723066600273073 -0.10861001100542635
        vertex 0.08636535931060113 -0.013290431333297967 -0.08358273027512136
        vertex 0.0556107250152355 0.009629496074400674 -0.007261472551740977
    endloop
endfacet
facet normal 0 0 0
    outer loop
        vertex -0.005606546931976698 -0.015378182934610731 -0.032271217912569476
        vertex 0.0556107250152355 0.009629496074400674 -0.007261472551740977
        vertex 0.012296992662748555 0.03008008919392157 -0.029268724805280914
    endloop
endfacet
facet normal 0 0 0
    outer loop
        vertex 0.0556107250152355 0.009629496074400674 -0.007261472551740977
        vertex 0.013572232503754118 0.011723066600273073 -0.10861001100542635
        vertex 0.012296992662748555 0.03008008919392157 -0.029268724805280914
    endloop
endfacet
facet normal 0 0 0
    outer loop
        vertex 0.0556107250152355 0.009629496074400674 -0.007261472551740977
        vertex -0.005606546931976698 -0.015378182934610731 -0.032271217912569476
        vertex 0.013572232503754118 0.011723066600273073 -0.10861001100542635
    endloop
endfacet
facet normal 0 0 0
    outer loop
        vertex -0.005606546931976698 -0.015378182934610731 -0.032271217912569476
        vertex 0.012296992662748555 0.03008008919392157 -0.029268724805280914
        vertex 0.013572232503754118 0.011723066600273073 -0.10861001100542635
    endloop
endfacet
facet normal 0 0 0
    outer loop
        vertex -0.003403604467682432 -0.028239564557041134 -0.11154526409486495
        vertex 0.021791176596061064 -0.006142767042698848 -0.2277912511525821
        vertex 0.005318846259984619 -0.04106054381043274 -0.2306070423207692
    endloop
endfacet
facet normal 0 0 0
    outer loop
        vertex 0.021791176596061064 -0.006142767042698848 -0.2277912511525821
        vertex 0.12808691560558366 -0.03112545640375639 -0.20250741883383636
        vertex 0.005318846259984619 -0.04106054381043274 -0.2306070423207692
    endloop
endfacet
facet normal 0 0 0
    outer loop
        vertex 0.021791176596061064 -0.006142767042698848 -0.2277912511525821
        vertex -0.003403604467682432 -0.028239564557041134 -0.11154526409486495
        vertex 0.12808691560558366 -0.03112545640375639 -0.20250741883383636
    endloop
endfacet
facet normal 0 0 0
    outer loop
        vertex -0.003403604467682432 -0.028239564557041134 -0.11154526409486495
        vertex 0.005318846259984619 -0.04106054381043274 -0.2306070423207692
        vertex 0.12808691560558366 -0.03112545640375639 -0.20250741883383636
    endloop
endfacet
facet normal 0 0 0
    outer loop
        vertex -0.003403604467682432 -0.028239564557041134 -0.11154526409486495
        vertex 0.08636535931060113 -0.013290431333297967 -0.08358273027512136
        vertex 0.10346071892197978 -0.0032865937859421004 -0.08654543283818322
    endloop
endfacet
facet normal 0 0 0
    outer loop
        vertex 0.08636535931060113 -0.013290431333297967 -0.08358273027512136
        vertex 0.12808691560558366 -0.03112545640375639 -0.20250741883383636
        vertex 0.10346071892197978 -0.0032865937859421004 -0.08654543283818322
    endloop
endfacet
facet normal 0 0 0
    outer loop
        vertex 0.08636535931060113 -0.013290431333297967 -0.08358273027512136
        vertex -0.003403604467682432 -0.028239564557041134 -0.11154526409486495
        vertex 0.12808691560558366 -0.03112545640375639 -0.20250741883383636
    endloop
endfacet
facet normal 0 0 0
    outer loop
        vertex -0.003403604467682432 -0.028239564557041134 -0.11154526409486495
        vertex 0.10346071892197978 -0.0032865937859421004 -0.08654543283818322
        vertex 0.12808691560558366 -0.03112545640375639 -0.20250741883383636
    endloop
endfacet
facet normal 0 0 0
    outer loop
        vertex -0.003403604467682432 -0.028239564557041134 -0.11154526409486495
        vertex 0.021791176596061064 -0.006142767042698848 -0.2277912511525821
        vertex 0.12808691560558366 -0.03112545640375639 -0.20250741883383636
    endloop
endfacet
facet normal 0 0 0
    outer loop
        vertex 0.021791176596061064 -0.006142767042698848 -0.2277912511525821
        vertex 0.10346071892197978 -0.0032865937859421004 -0.08654543283818322
        vertex 0.12808691560558366 -0.03112545640375639 -0.20250741883383636
    endloop
endfacet
facet normal 0 0 0
    outer loop
        vertex 0.021791176596061064 -0.006142767042698848 -0.2277912511525821
        vertex -0.003403604467682432 -0.028239564557041134 -0.11154526409486495
        vertex 0.10346071892197978 -0.0032865937859421004 -0.08654543283818322
    endloop
endfacet
facet normal 0 0 0
    outer loop
        vertex -0.003403604467682432 -0.028239564557041134 -0.11154526409486495
        vertex 0.12808691560558366 -0.03112545640375639 -0.20250741883383636
        vertex 0.10346071892197978 -0.0032865937859421004 -0.08654543283818322
    endloop
endfacet
facet normal 0 0 0
    outer loop
        vertex 0.021791176596061064 -0.006142767042698848 -0.2277912511525821
        vertex 0.14443858231004256 -0.016486464860241516 -0.2050027403480986
        vertex 0.12808691560558366 -0.03112545640375639 -0.20250741883383636
    endloop
endfacet
facet normal 0 0 0
    outer loop
        vertex 0.14443858231004256 -0.016486464860241516 -0.2050027403480986
        vertex 0.10346071892197978 -0.0032865937859421004 -0.08654543283818322
        vertex 0.12808691560558366 -0.03112545640375639 -0.20250741883383636
    endloop
endfacet
facet normal 0 0 0
    outer loop
        vertex 0.14443858231004256 -0.016486464860241516 -0.2050027403480986
        vertex 0.021791176596061064 -0.006142767042698848 -0.2277912511525821
        vertex 0.10346071892197978 -0.0032865937859421004 -0.08654543283818322
    endloop
endfacet
facet normal 0 0 0
    outer loop
        vertex 0.021791176596061064 -0.006142767042698848 -0.2277912511525821
        vertex 0.12808691560558366 -0.03112545640375639 -0.20250741883383636
        vertex 0.10346071892197978 -0.0032865937859421004 -0.08654543283818322
    endloop
endfacet
facet normal 0 0 0
    outer loop
        vertex -0.003403604467682432 -0.028239564557041134 -0.11154526409486495
        vertex 0.10346071892197978 -0.0032865937859421004 -0.08654543283818322
        vertex 0.013572232503754118 0.011723066600273073 -0.10861001100542635
    endloop
endfacet
facet normal 0 0 0
    outer loop
        vertex 0.10346071892197978 -0.0032865937859421004 -0.08654543283818322
        vertex 0.021791176596061064 -0.006142767042698848 -0.2277912511525821
        vertex 0.013572232503754118 0.011723066600273073 -0.10861001100542635
    endloop
endfacet
facet normal 0 0 0
    outer loop
        vertex 0.10346071892197978 -0.0032865937859421004 -0.08654543283818322
        vertex -0.003403604467682432 -0.028239564557041134 -0.11154526409486495
        vertex 0.021791176596061064 -0.006142767042698848 -0.2277912511525821
    endloop
endfacet
facet normal 0 0 0
    outer loop
        vertex -0.003403604467682432 -0.028239564557041134 -0.11154526409486495
        vertex 0.013572232503754118 0.011723066600273073 -0.10861001100542635
        vertex 0.021791176596061064 -0.006142767042698848 -0.2277912511525821
    endloop
endfacet
facet normal 0 0 0
    outer loop
        vertex 0.005318846259984619 -0.04106054381043274 -0.2306070423207692
        vertex 0.03593939697512659 -0.023430691213177056 -0.3711871799901969
        vertex 0.019942461262796127 -0.05432630744438278 -0.3737742882539959
    endloop
endfacet
facet normal 0 0 0
    outer loop
        vertex 0.03593939697512659 -0.023430691213177056 -0.3711871799901969
        vertex 0.16352775555059124 -0.048706115734851105 -0.3462617966548373
        vertex 0.019942461262796127 -0.05432630744438278 -0.3737742882539959
    endloop
endfacet
facet normal 0 0 0
    outer loop
        vertex 0.03593939697512659 -0.023430691213177056 -0.3711871799901969
        vertex 0.005318846259984619 -0.04106054381043274 -0.2306070423207692
        vertex 0.16352775555059124 -0.048706115734851105 -0.3462617966548373
    endloop
endfacet
facet normal 0 0 0
    outer loop
        vertex 0.005318846259984619 -0.04106054381043274 -0.2306070423207692
        vertex 0.019942461262796127 -0.05432630744438278 -0.3737742882539959
        vertex 0.16352775555059124 -0.048706115734851105 -0.3462617966548373
    endloop
endfacet
facet normal 0 0 0
    outer loop
        vertex 0.005318846259984619 -0.04106054381043274 -0.2306070423207692
        vertex 0.12808691560558366 -0.03112545640375639 -0.20250741883383636
        vertex 0.14443858231004256 -0.016486464860241516 -0.2050027403480986
    endloop
endfacet
facet normal 0 0 0
    outer loop
        vertex 0.12808691560558366 -0.03112545640375639 -0.20250741883383636
        vertex 0.16352775555059124 -0.048706115734851105 -0.3462617966548373
        vertex 0.14443858231004256 -0.016486464860241516 -0.2050027403480986
    endloop
endfacet
facet normal 0 0 0
    outer loop
        vertex 0.12808691560558366 -0.03112545640375639 -0.20250741883383636
        vertex 0.005318846259984619 -0.04106054381043274 -0.2306070423207692
        vertex 0.16352775555059124 -0.048706115734851105 -0.3462617966548373
    endloop
endfacet
facet normal 0 0 0
    outer loop
        vertex 0.005318846259984619 -0.04106054381043274 -0.2306070423207692
        vertex 0.14443858231004256 -0.016486464860241516 -0.2050027403480986
        vertex 0.16352775555059124 -0.048706115734851105 -0.3462617966548373
    endloop
endfacet
facet normal 0 0 0
    outer loop
        vertex 0.005318846259984619 -0.04106054381043274 -0.2306070423207692
        vertex 0.03593939697512659 -0.023430691213177056 -0.3711871799901969
        vertex 0.16352775555059124 -0.048706115734851105 -0.3462617966548373
    endloop
endfacet
facet normal 0 0 0
    outer loop
        vertex 0.03593939697512659 -0.023430691213177056 -0.3711871799901969
        vertex 0.14443858231004256 -0.016486464860241516 -0.2050027403480986
        vertex 0.16352775555059124 -0.048706115734851105 -0.3462617966548373
    endloop
endfacet
facet normal 0 0 0
    outer loop
        vertex 0.03593939697512659 -0.023430691213177056 -0.3711871799901969
        vertex 0.005318846259984619 -0.04106054381043274 -0.2306070423207692
        vertex 0.14443858231004256 -0.016486464860241516 -0.2050027403480986
    endloop
endfacet
facet normal 0 0 0
    outer loop
        vertex 0.005318846259984619 -0.04106054381043274 -0.2306070423207692
        vertex 0.16352775555059124 -0.048706115734851105 -0.3462617966548373
        vertex 0.14443858231004256 -0.016486464860241516 -0.2050027403480986
    endloop
endfacet
facet normal 0 0 0
    outer loop
        vertex 0.03593939697512659 -0.023430691213177056 -0.3711871799901969
        vertex 0.179501484807009 -0.030088363991392524 -0.3477969451967789
        vertex 0.16352775555059124 -0.048706115734851105 -0.3462617966548373
    endloop
endfacet
facet normal 0 0 0
    outer loop
        vertex 0.179501484807009 -0.030088363991392524 -0.3477969451967789
        vertex 0.14443858231004256 -0.016486464860241516 -0.2050027403480986
        vertex 0.16352775555059124 -0.048706115734851105 -0.3462617966548373
    endloop
endfacet
facet normal 0 0 0
    outer loop
        vertex 0.179501484807009 -0.030088363991392524 -0.3477969451967789
        vertex 0.03593939697512659 -0.023430691213177056 -0.3711871799901969
        vertex 0.14443858231004256 -0.016486464860241516 -0.2050027403480986
    endloop
endfacet
facet normal 0 0 0
    outer loop
        vertex 0.03593939697512659 -0.023430691213177056 -0.3711871799901969
        vertex 0.16352775555059124 -0.048706115734851105 -0.3462617966548373
        vertex 0.14443858231004256 -0.016486464860241516 -0.2050027403480986
    endloop
endfacet
facet normal 0 0 0
    outer loop
        vertex 0.005318846259984619 -0.04106054381043274 -0.2306070423207692
        vertex 0.14443858231004256 -0.016486464860241516 -0.2050027403480986
        vertex 0.021791176596061064 -0.006142767042698848 -0.2277912511525821
    endloop
endfacet
facet normal 0 0 0
    outer loop
        vertex 0.14443858231004256 -0.016486464860241516 -0.2050027403480986
        vertex 0.03593939697512659 -0.023430691213177056 -0.3711871799901969
        vertex 0.021791176596061064 -0.006142767042698848 -0.2277912511525821
    endloop
endfacet
facet normal 0 0 0
    outer loop
        vertex 0.14443858231004256 -0.016486464860241516 -0.2050027403480986
        vertex 0.005318846259984619 -0.04106054381043274 -0.2306070423207692
        vertex 0.03593939697512659 -0.023430691213177056 -0.3711871799901969
    endloop
endfacet
facet normal 0 0 0
    outer loop
        vertex 0.005318846259984619 -0.04106054381043274 -0.2306070423207692
        vertex 0.021791176596061064 -0.006142767042698848 -0.2277912511525821
        vertex 0.03593939697512659 -0.023430691213177056 -0.3711871799901969
    endloop
endfacet
facet normal 0 0 0
    outer loop
        vertex 0.019942461262796127 -0.05432630744438278 -0.3737742882539959
        vertex 0.05478599165443267 -0.04018822455780024 -0.5282985656026172
        vertex 0.03912045606756798 -0.06808823529635574 -0.5306443869518448
    endloop
endfacet
facet normal 0 0 0
    outer loop
        vertex 0.05478599165443267 -0.04018822455780024 -0.5282985656026172
        vertex 0.1943196426955496 -0.06581471675220163 -0.5037155044389546
        vertex 0.03912045606756798 -0.06808823529635574 -0.5306443869518448
    endloop
endfacet
facet normal 0 0 0
    outer loop
        vertex 0.05478599165443267 -0.04018822455780024 -0.5282985656026172
        vertex 0.019942461262796127 -0.05432630744438278 -0.3737742882539959
        vertex 0.1943196426955496 -0.06581471675220163 -0.5037155044389546
    endloop
endfacet
facet normal 0 0 0
    outer loop
        vertex 0.019942461262796127 -0.05432630744438278 -0.3737742882539959
        vertex 0.03912045606756798 -0.06808823529635574 -0.5306443869518448
        vertex 0.1943196426955496 -0.06581471675220163 -0.5037155044389546
    endloop
endfacet
facet normal 0 0 0
    outer loop
        vertex 0.019942461262796127 -0.05432630744438278 -0.3737742882539959
        vertex 0.16352775555059124 -0.048706115734851105 -0.3462617966548373
        vertex 0.179501484807009 -0.030088363991392524 -0.3477969451967789
    endloop
endfacet
facet normal 0 0 0
    outer loop
        vertex 0.16352775555059124 -0.048706115734851105 -0.3462617966548373
        vertex 0.1943196426955496 -0.06581471675220163 -0.5037155044389546
        vertex 0.179501484807009 -0.030088363991392524 -0.3477969451967789
    endloop
endfacet
facet normal 0 0 0
    outer loop
        vertex 0.16352775555059124 -0.048706115734851105 -0.3462617966548373
        vertex 0.019942461262796127 -0.05432630744438278 -0.3737742882539959
        vertex 0.1943196426955496 -0.06581471675220163 -0.5037155044389546
    endloop
endfacet
facet normal 0 0 0
    outer loop
        vertex 0.019942461262796127 -0.05432630744438278 -0.3737742882539959
        vertex 0.179501484807009 -0.030088363991392524 -0.3477969451967789
        vertex 0.1943196426955496 -0.06581471675220163 -0.5037155044389546
    endloop
endfacet
facet normal 0 0 0
    outer loop
        vertex 0.019942461262796127 -0.05432630744438278 -0.3737742882539959
        vertex 0.05478599165443267 -0.04018822455780024 -0.5282985656026172
        vertex 0.1943196426955496 -0.06581471675220163 -0.5037155044389546
    endloop
endfacet
facet normal 0 0 0
    outer loop
        vertex 0.05478599165443267 -0.04018822455780024 -0.5282985656026172
        vertex 0.179501484807009 -0.030088363991392524 -0.3477969451967789
        vertex 0.1943196426955496 -0.06581471675220163 -0.5037155044389546
    endloop
endfacet
facet normal 0 0 0
    outer loop
        vertex 0.05478599165443267 -0.04018822455780024 -0.5282985656026172
        vertex 0.019942461262796127 -0.05432630744438278 -0.3737742882539959
        vertex 0.179501484807009 -0.030088363991392524 -0.3477969451967789
    endloop
endfacet
facet normal 0 0 0
    outer loop
        vertex 0.019942461262796127 -0.05432630744438278 -0.3737742882539959
        vertex 0.1943196426955496 -0.06581471675220163 -0.5037155044389546
        vertex 0.179501484807009 -0.030088363991392524 -0.3477969451967789
    endloop
endfacet
facet normal 0 0 0
    outer loop
        vertex 0.05478599165443267 -0.04018822455780024 -0.5282985656026172
        vertex 0.20998232255593793 -0.04419628523611207 -0.5043144933069438
        vertex 0.1943196426955496 -0.06581471675220163 -0.5037155044389546
    endloop
endfacet
facet normal 0 0 0
    outer loop
        vertex 0.20998232255593793 -0.04419628523611207 -0.5043144933069438
        vertex 0.179501484807009 -0.030088363991392524 -0.3477969451967789
        vertex 0.1943196426955496 -0.06581471675220163 -0.5037155044389546
    endloop
endfacet
facet normal 0 0 0
    outer loop
        vertex 0.20998232255593793 -0.04419628523611207 -0.5043144933069438
        vertex 0.05478599165443267 -0.04018822455780024 -0.5282985656026172
        vertex 0.179501484807009 -0.030088363991392524 -0.3477969451967789
    endloop
endfacet
facet normal 0 0 0
    outer loop
        vertex 0.05478599165443267 -0.04018822455780024 -0.5282985656026172
        vertex 0.1943196426955496 -0.06581471675220163 -0.5037155044389546
        vertex 0.179501484807009 -0.030088363991392524 -0.3477969451967789
    endloop
endfacet
facet normal 0 0 0
    outer loop
        vertex 0.019942461262796127 -0.05432630744438278 -0.3737742882539959
        vertex 0.179501484807009 -0.030088363991392524 -0.3477969451967789
        vertex 0.03593939697512659 -0.023430691213177056 -0.3711871799901969
    endloop
endfacet
facet normal 0 0 0
    outer loop
        vertex 0.179501484807009 -0.030088363991392524 -0.3477969451967789
        vertex 0.05478599165443267 -0.04018822455780024 -0.5282985656026172
        vertex 0.03593939697512659 -0.023430691213177056 -0.3711871799901969
    endloop
endfacet
facet normal 0 0 0
    outer loop
        vertex 0.179501484807009 -0.030088363991392524 -0.3477969451967789
        vertex 0.019942461262796127 -0.05432630744438278 -0.3737742882539959
        vertex 0.05478599165443267 -0.04018822455780024 -0.5282985656026172
    endloop
endfacet
facet normal 0 0 0
    outer loop
        vertex 0.019942461262796127 -0.05432630744438278 -0.3737742882539959
        vertex 0.03593939697512659 -0.023430691213177056 -0.3711871799901969
        vertex 0.05478599165443267 -0.04018822455780024 -0.5282985656026172
    endloop
endfacet
facet normal 0 0 0
    outer loop
        vertex 0.03912045606756798 -0.06808823529635574 -0.5306443869518448
        vertex 0.07698709978710368 -0.0564468161670909 -0.6912021629584452
        vertex 0.061544312136958115 -0.08233849555041631 -0.6933060206829039
    endloop
endfacet
facet normal 0 0 0
    outer loop
        vertex 0.07698709978710368 -0.0564468161670909 -0.6912021629584452
        vertex 0.22175518432915137 -0.08242029627593479 -0.6669555317638876
        vertex 0.061544312136958115 -0.08233849555041631 -0.6933060206829039
    endloop
endfacet
facet normal 0 0 0
    outer loop
        vertex 0.07698709978710368 -0.0564468161670909 -0.6912021629584452
        vertex 0.03912045606756798 -0.06808823529635574 -0.5306443869518448
        vertex 0.22175518432915137 -0.08242029627593479 -0.6669555317638876
    endloop
endfacet
facet normal 0 0 0
    outer loop
        vertex 0.03912045606756798 -0.06808823529635574 -0.5306443869518448
        vertex 0.061544312136958115 -0.08233849555041631 -0.6933060206829039
        vertex 0.22175518432915137 -0.08242029627593479 -0.6669555317638876
    endloop
endfacet
facet normal 0 0 0
    outer loop
        vertex 0.03912045606756798 -0.06808823529635574 -0.5306443869518448
        vertex 0.1943196426955496 -0.06581471675220163 -0.5037155044389546
        vertex 0.20998232255593793 -0.04419628523611207 -0.5043144933069438
    endloop
endfacet
facet normal 0 0 0
    outer loop
        vertex 0.1943196426955496 -0.06581471675220163 -0.5037155044389546
        vertex 0.22175518432915137 -0.08242029627593479 -0.6669555317638876
        vertex 0.20998232255593793 -0.04419628523611207 -0.5043144933069438
    endloop
endfacet
facet normal 0 0 0
    outer loop
        vertex 0.1943196426955496 -0.06581471675220163 -0.5037155044389546
        vertex 0.03912045606756798 -0.06808823529635574 -0.5306443869518448
        vertex 0.22175518432915137 -0.08242029627593479 -0.6669555317638876
    endloop
endfacet
facet normal 0 0 0
    outer loop
        vertex 0.03912045606756798 -0.06808823529635574 -0.5306443869518448
        vertex 0.20998232255593793 -0.04419628523611207 -0.5043144933069438
        vertex 0.22175518432915137 -0.08242029627593479 -0.6669555317638876
    endloop
endfacet
facet normal 0 0 0
    outer loop
        vertex 0.03912045606756798 -0.06808823529635574 -0.5306443869518448
        vertex 0.07698709978710368 -0.0564468161670909 -0.6912021629584452
        vertex 0.22175518432915137 -0.08242029627593479 -0.6669555317638876
    endloop
endfacet
facet normal 0 0 0
    outer loop
        vertex 0.07698709978710368 -0.0564468161670909 -0.6912021629584452
        vertex 0.20998232255593793 -0.04419628523611207 -0.5043144933069438
        vertex 0.22175518432915137 -0.08242029627593479 -0.6669555317638876
    endloop
endfacet
facet normal 0 0 0
    outer loop
        vertex 0.07698709978710368 -0.0564468161670909 -0.6912021629584452
        vertex 0.03912045606756798 -0.06808823529635574 -0.5306443869518448
        vertex 0.20998232255593793 -0.04419628523611207 -0.5043144933069438
    endloop
endfacet
facet normal 0 0 0
    outer loop
        vertex 0.03912045606756798 -0.06808823529635574 -0.5306443869518448
        vertex 0.22175518432915137 -0.08242029627593479 -0.6669555317638876
        vertex 0.20998232255593793 -0.04419628523611207 -0.5043144933069438
    endloop
endfacet
facet normal 0 0 0
    outer loop
        vertex 0.07698709978710368 -0.0564468161670909 -0.6912021629584452
        vertex 0.23720853379353923 -0.05881738912068701 -0.6666081961651847
        vertex 0.22175518432915137 -0.08242029627593479 -0.6669555317638876
    endloop
endfacet
facet normal 0 0 0
    outer loop
        vertex 0.23720853379353923 -0.05881738912068701 -0.6666081961651847
        vertex 0.20998232255593793 -0.04419628523611207 -0.5043144933069438
        vertex 0.22175518432915137 -0.08242029627593479 -0.6669555317638876
    endloop
endfacet
facet normal 0 0 0
    outer loop
        vertex 0.23720853379353923 -0.05881738912068701 -0.6666081961651847
        vertex 0.07698709978710368 -0.0564468161670909 -0.6912021629584452
        vertex 0.20998232255593793 -0.04419628523611207 -0.5043144933069438
    endloop
endfacet
facet normal 0 0 0
    outer loop
        vertex 0.07698709978710368 -0.0564468161670909 -0.6912021629584452
        vertex 0.22175518432915137 -0.08242029627593479 -0.6669555317638876
        vertex 0.20998232255593793 -0.04419628523611207 -0.5043144933069438
    endloop
endfacet
facet normal 0 0 0
    outer loop
        vertex 0.03912045606756798 -0.06808823529635574 -0.5306443869518448
        vertex 0.20998232255593793 -0.04419628523611207 -0.5043144933069438
        vertex 0.05478599165443267 -0.04018822455780024 -0.5282985656026172
    endloop
endfacet
facet normal 0 0 0
    outer loop
        vertex 0.20998232255593793 -0.04419628523611207 -0.5043144933069438
        vertex 0.07698709978710368 -0.0564468161670909 -0.6912021629584452
        vertex 0.05478599165443267 -0.04018822455780024 -0.5282985656026172
    endloop
endfacet
facet normal 0 0 0
    outer loop
        vertex 0.20998232255593793 -0.04419628523611207 -0.5043144933069438
        vertex 0.03912045606756798 -0.06808823529635574 -0.5306443869518448
        vertex 0.07698709978710368 -0.0564468161670909 -0.6912021629584452
    endloop
endfacet
facet normal 0 0 0
    outer loop
        vertex 0.03912045606756798 -0.06808823529635574 -0.5306443869518448
        vertex 0.05478599165443267 -0.04018822455780024 -0.5282985656026172
        vertex 0.07698709978710368 -0.0564468161670909 -0.6912021629584452
    endloop
endfacet
facet normal 0 0 0
    outer loop
        vertex 0.061544312136958115 -0.08233849555041631 -0.6933060206829039
        vertex 0.10120175331294254 -0.07234235419460078 -0.8546285227143929
        vertex 0.08553190446817188 -0.09695871968373945 -0.8570877128867092
    endloop
endfacet
facet normal 0 0 0
    outer loop
        vertex 0.10120175331294254 -0.07234235419460078 -0.8546285227143929
        vertex 0.24716925986090893 -0.09853112339540648 -0.8305883270091006
        vertex 0.08553190446817188 -0.09695871968373945 -0.8570877128867092
    endloop
endfacet
facet normal 0 0 0
    outer loop
        vertex 0.10120175331294254 -0.07234235419460078 -0.8546285227143929
        vertex 0.061544312136958115 -0.08233849555041631 -0.6933060206829039
        vertex 0.24716925986090893 -0.09853112339540648 -0.8305883270091006
    endloop
endfacet
facet normal 0 0 0
    outer loop
        vertex 0.061544312136958115 -0.08233849555041631 -0.6933060206829039
        vertex 0.08553190446817188 -0.09695871968373945 -0.8570877128867092
        vertex 0.24716925986090893 -0.09853112339540648 -0.8305883270091006
    endloop
endfacet
facet normal 0 0 0
    outer loop
        vertex 0.061544312136958115 -0.08233849555041631 -0.6933060206829039
        vertex 0.22175518432915137 -0.08242029627593479 -0.6669555317638876
        vertex 0.23720853379353923 -0.05881738912068701 -0.6666081961651847
    endloop
endfacet
facet normal 0 0 0
    outer loop
        vertex 0.22175518432915137 -0.08242029627593479 -0.6669555317638876
        vertex 0.24716925986090893 -0.09853112339540648 -0.8305883270091006
        vertex 0.23720853379353923 -0.05881738912068701 -0.6666081961651847
    endloop
endfacet
facet normal 0 0 0
    outer loop
        vertex 0.22175518432915137 -0.08242029627593479 -0.6669555317638876
        vertex 0.061544312136958115 -0.08233849555041631 -0.6933060206829039
        vertex 0.24716925986090893 -0.09853112339540648 -0.8305883270091006
    endloop
endfacet
facet normal 0 0 0
    outer loop
        vertex 0.061544312136958115 -0.08233849555041631 -0.6933060206829039
        vertex 0.23720853379353923 -0.05881738912068701 -0.6666081961651847
        vertex 0.24716925986090893 -0.09853112339540648 -0.8305883270091006
    endloop
endfacet
facet normal 0 0 0
    outer loop
        vertex 0.061544312136958115 -0.08233849555041631 -0.6933060206829039
        vertex 0.10120175331294254 -0.07234235419460078 -0.8546285227143929
        vertex 0.24716925986090893 -0.09853112339540648 -0.8305883270091006
    endloop
endfacet
facet normal 0 0 0
    outer loop
        vertex 0.10120175331294254 -0.07234235419460078 -0.8546285227143929
        vertex 0.23720853379353923 -0.05881738912068701 -0.6666081961651847
        vertex 0.24716925986090893 -0.09853112339540648 -0.8305883270091006
    endloop
endfacet
facet normal 0 0 0
    outer loop
        vertex 0.10120175331294254 -0.07234235419460078 -0.8546285227143929
        vertex 0.061544312136958115 -0.08233849555041631 -0.6933060206829039
        vertex 0.23720853379353923 -0.05881738912068701 -0.6666081961651847
    endloop
endfacet
facet normal 0 0 0
    outer loop
        vertex 0.061544312136958115 -0.08233849555041631 -0.6933060206829039
        vertex 0.24716925986090893 -0.09853112339540648 -0.8305883270091006
        vertex 0.23720853379353923 -0.05881738912068701 -0.6666081961651847
    endloop
endfacet
facet normal 0 0 0
    outer loop
        vertex 0.10120175331294254 -0.07234235419460078 -0.8546285227143929
        vertex 0.2623839352146641 -0.07395058220086301 -0.8292682861870183
        vertex 0.24716925986090893 -0.09853112339540648 -0.8305883270091006
    endloop
endfacet
facet normal 0 0 0
    outer loop
        vertex 0.2623839352146641 -0.07395058220086301 -0.8292682861870183
        vertex 0.23720853379353923 -0.05881738912068701 -0.6666081961651847
        vertex 0.24716925986090893 -0.09853112339540648 -0.8305883270091006
    endloop
endfacet
facet normal 0 0 0
    outer loop
        vertex 0.2623839352146641 -0.07395058220086301 -0.8292682861870183
        vertex 0.10120175331294254 -0.07234235419460078 -0.8546285227143929
        vertex 0.23720853379353923 -0.05881738912068701 -0.6666081961651847
    endloop
endfacet
facet normal 0 0 0
    outer loop
        vertex 0.10120175331294254 -0.07234235419460078 -0.8546285227143929
        vertex 0.24716925986090893 -0.09853112339540648 -0.8305883270091006
        vertex 0.23720853379353923 -0.05881738912068701 -0.6666081961651847
    endloop
endfacet
facet normal 0 0 0
    outer loop
        vertex 0.061544312136958115 -0.08233849555041631 -0.6933060206829039
        vertex 0.23720853379353923 -0.05881738912068701 -0.6666081961651847
        vertex 0.07698709978710368 -0.0564468161670909 -0.6912021629584452
    endloop
endfacet
facet normal 0 0 0
    outer loop
        vertex 0.23720853379353923 -0.05881738912068701 -0.6666081961651847
        vertex 0.10120175331294254 -0.07234235419460078 -0.8546285227143929
        vertex 0.07698709978710368 -0.0564468161670909 -0.6912021629584452
    endloop
endfacet
facet normal 0 0 0
    outer loop
        vertex 0.23720853379353923 -0.05881738912068701 -0.6666081961651847
        vertex 0.061544312136958115 -0.08233849555041631 -0.6933060206829039
        vertex 0.10120175331294254 -0.07234235419460078 -0.8546285227143929
    endloop
endfacet
facet normal 0 0 0
    outer loop
        vertex 0.061544312136958115 -0.08233849555041631 -0.6933060206829039
        vertex 0.07698709978710368 -0.0564468161670909 -0.6912021629584452
        vertex 0.10120175331294254 -0.07234235419460078 -0.8546285227143929
    endloop
endfacet
endsolid