solid tet_mesh
facet normal 0 0 0
    outer loop
        vertex 0.0 0.0 0.0
        vertex 0.02499864507644388 0.02499956925209537 -2.8393900039347637e-06
        vertex 0.02500030321649126 5.066571101791882e-07 -5.316231150825438e-06
    endloop
endfacet
facet normal 0 0 0
    outer loop
        vertex 0.02499864507644388 0.02499956925209537 -2.8393900039347637e-06
        vertex 0.025001148662453718 2.3329914433508202e-06 0.025001015014358332
        vertex 0.02500030321649126 5.066571101791882e-07 -5.316231150825438e-06
    endloop
endfacet
facet normal 0 0 0
    outer loop
        vertex 0.02499864507644388 0.02499956925209537 -2.8393900039347637e-06
        vertex 0.0 0.0 0.0
        vertex 0.025001148662453718 2.3329914433508202e-06 0.025001015014358332
    endloop
endfacet
facet normal 0 0 0
    outer loop
        vertex 0.0 0.0 0.0
        vertex 0.02500030321649126 5.066571101791882e-07 -5.316231150825438e-06
        vertex 0.025001148662453718 2.3329914433508202e-06 0.025001015014358332
    endloop
endfacet
facet normal 0 0 0
    outer loop
        vertex 0.0 0.0 0.0
        vertex 0.0 0.0 0.025
        vertex 0.0 0.025 0.025
    endloop
endfacet
facet normal 0 0 0
    outer loop
        vertex 0.0 0.0 0.025
        vertex 0.025001148662453718 2.3329914433508202e-06 0.025001015014358332
        vertex 0.0 0.025 0.025
    endloop
endfacet
facet normal 0 0 0
    outer loop
        vertex 0.0 0.0 0.025
        vertex 0.0 0.0 0.0
        vertex 0.025001148662453718 2.3329914433508202e-06 0.025001015014358332
    endloop
endfacet
facet normal 0 0 0
    outer loop
        vertex 0.0 0.0 0.0
        vertex 0.0 0.025 0.025
        vertex 0.025001148662453718 2.3329914433508202e-06 0.025001015014358332
    endloop
endfacet
facet normal 0 0 0
    outer loop
        vertex 0.0 0.0 0.0
        vertex 0.02499864507644388 0.02499956925209537 -2.8393900039347637e-06
        vertex 0.025001148662453718 2.3329914433508202e-06 0.025001015014358332
    endloop
endfacet
facet normal 0 0 0
    outer loop
        vertex 0.02499864507644388 0.02499956925209537 -2.8393900039347637e-06
        vertex 0.0 0.025 0.025
        vertex 0.025001148662453718 2.3329914433508202e-06 0.025001015014358332
    endloop
endfacet
facet normal 0 0 0
    outer loop
        vertex 0.02499864507644388 0.02499956925209537 -2.8393900039347637e-06
        vertex 0.0 0.0 0.0
        vertex 0.0 0.025 0.025
    endloop
endfacet
facet normal 0 0 0
    outer loop
        vertex 0.0 0.0 0.0
        vertex 0.025001148662453718 2.3329914433508202e-06 0.025001015014358332
        vertex 0.0 0.025 0.025
    endloop
endfacet
facet normal 0 0 0
    outer loop
        vertex 0.02499864507644388 0.02499956925209537 -2.8393900039347637e-06
        vertex 0.025001176609994936 0.024997877908580345 0.02500322804039409
        vertex 0.025001148662453718 2.3329914433508202e-06 0.025001015014358332
    endloop
endfacet
facet normal 0 0 0
    outer loop
        vertex 0.025001176609994936 0.024997877908580345 0.02500322804039409
        vertex 0.0 0.025 0.025
        vertex 0.025001148662453718 2.3329914433508202e-06 0.025001015014358332
    endloop
endfacet
facet normal 0 0 0
    outer loop
        vertex 0.025001176609994936 0.024997877908580345 0.02500322804039409
        vertex 0.02499864507644388 0.02499956925209537 -2.8393900039347637e-06
        vertex 0.0 0.025 0.025
    endloop
endfacet
facet normal 0 0 0
    outer loop
        vertex 0.02499864507644388 0.02499956925209537 -2.8393900039347637e-06
        vertex 0.025001148662453718 2.3329914433508202e-06 0.025001015014358332
        vertex 0.0 0.025 0.025
    endloop
endfacet
facet normal 0 0 0
    outer loop
        vertex 0.0 0.0 0.0
        vertex 0.0 0.025 0.025
        vertex 0.0 0.025 0.0
    endloop
endfacet
facet normal 0 0 0
    outer loop
        vertex 0.0 0.025 0.025
        vertex 0.02499864507644388 0.02499956925209537 -2.8393900039347637e-06
        vertex 0.0 0.025 0.0
    endloop
endfacet
facet normal 0 0 0
    outer loop
        vertex 0.0 0.025 0.025
        vertex 0.0 0.0 0.0
        vertex 0.02499864507644388 0.02499956925209537 -2.8393900039347637e-06
    endloop
endfacet
facet normal 0 0 0
    outer loop
        vertex 0.0 0.0 0.0
        vertex 0.0 0.025 0.0
        vertex 0.02499864507644388 0.02499956925209537 -2.8393900039347637e-06
    endloop
endfacet
facet normal 0 0 0
    outer loop
        vertex 0.02500030321649126 5.066571101791882e-07 -5.316231150825438e-06
        vertex 0.05000395548160608 0.02499650692190828 -3.597456325964969e-06
        vertex 0.04999953844035048 -4.571327780206648e-06 1.2540059856322554e-06
    endloop
endfacet
facet normal 0 0 0
    outer loop
        vertex 0.05000395548160608 0.02499650692190828 -3.597456325964969e-06
        vertex 0.049997562397664154 5.615208415586471e-06 0.02500012104497979
        vertex 0.04999953844035048 -4.571327780206648e-06 1.2540059856322554e-06
    endloop
endfacet
facet normal 0 0 0
    outer loop
        vertex 0.05000395548160608 0.02499650692190828 -3.597456325964969e-06
        vertex 0.02500030321649126 5.066571101791882e-07 -5.316231150825438e-06
        vertex 0.049997562397664154 5.615208415586471e-06 0.02500012104497979
    endloop
endfacet
facet normal 0 0 0
    outer loop
        vertex 0.02500030321649126 5.066571101791882e-07 -5.316231150825438e-06
        vertex 0.04999953844035048 -4.571327780206648e-06 1.2540059856322554e-06
        vertex 0.049997562397664154 5.615208415586471e-06 0.02500012104497979
    endloop
endfacet
facet normal 0 0 0
    outer loop
        vertex 0.02500030321649126 5.066571101791882e-07 -5.316231150825438e-06
        vertex 0.025001148662453718 2.3329914433508202e-06 0.025001015014358332
        vertex 0.025001176609994936 0.024997877908580345 0.02500322804039409
    endloop
endfacet
facet normal 0 0 0
    outer loop
        vertex 0.025001148662453718 2.3329914433508202e-06 0.025001015014358332
        vertex 0.049997562397664154 5.615208415586471e-06 0.02500012104497979
        vertex 0.025001176609994936 0.024997877908580345 0.02500322804039409
    endloop
endfacet
facet normal 0 0 0
    outer loop
        vertex 0.025001148662453718 2.3329914433508202e-06 0.025001015014358332
        vertex 0.02500030321649126 5.066571101791882e-07 -5.316231150825438e-06
        vertex 0.049997562397664154 5.615208415586471e-06 0.02500012104497979
    endloop
endfacet
facet normal 0 0 0
    outer loop
        vertex 0.02500030321649126 5.066571101791882e-07 -5.316231150825438e-06
        vertex 0.025001176609994936 0.024997877908580345 0.02500322804039409
        vertex 0.049997562397664154 5.615208415586471e-06 0.02500012104497979
    endloop
endfacet
facet normal 0 0 0
    outer loop
        vertex 0.02500030321649126 5.066571101791882e-07 -5.316231150825438e-06
        vertex 0.05000395548160608 0.02499650692190828 -3.597456325964969e-06
        vertex 0.049997562397664154 5.615208415586471e-06 0.02500012104497979
    endloop
endfacet
facet normal 0 0 0
    outer loop
        vertex 0.05000395548160608 0.02499650692190828 -3.597456325964969e-06
        vertex 0.025001176609994936 0.024997877908580345 0.02500322804039409
        vertex 0.049997562397664154 5.615208415586471e-06 0.02500012104497979
    endloop
endfacet
facet normal 0 0 0
    outer loop
        vertex 0.05000395548160608 0.02499650692190828 -3.597456325964969e-06
        vertex 0.02500030321649126 5.066571101791882e-07 -5.316231150825438e-06
        vertex 0.025001176609994936 0.024997877908580345 0.02500322804039409
    endloop
endfacet
facet normal 0 0 0
    outer loop
        vertex 0.02500030321649126 5.066571101791882e-07 -5.316231150825438e-06
        vertex 0.049997562397664154 5.615208415586471e-06 0.02500012104497979
        vertex 0.025001176609994936 0.024997877908580345 0.02500322804039409
    endloop
endfacet
facet normal 0 0 0
    outer loop
        vertex 0.05000395548160608 0.02499650692190828 -3.597456325964969e-06
        vertex 0.04999874996245047 0.025000398144898187 0.024995518994856754
        vertex 0.049997562397664154 5.615208415586471e-06 0.02500012104497979
    endloop
endfacet
facet normal 0 0 0
    outer loop
        vertex 0.04999874996245047 0.025000398144898187 0.024995518994856754
        vertex 0.025001176609994936 0.024997877908580345 0.02500322804039409
        vertex 0.049997562397664154 5.615208415586471e-06 0.02500012104497979
    endloop
endfacet
facet normal 0 0 0
    outer loop
        vertex 0.04999874996245047 0.025000398144898187 0.024995518994856754
        vertex 0.05000395548160608 0.02499650692190828 -3.597456325964969e-06
        vertex 0.025001176609994936 0.024997877908580345 0.02500322804039409
    endloop
endfacet
facet normal 0 0 0
    outer loop
        vertex 0.05000395548160608 0.02499650692190828 -3.597456325964969e-06
        vertex 0.049997562397664154 5.615208415586471e-06 0.02500012104497979
        vertex 0.025001176609994936 0.024997877908580345 0.02500322804039409
    endloop
endfacet
facet normal 0 0 0
    outer loop
        vertex 0.02500030321649126 5.066571101791882e-07 -5.316231150825438e-06
        vertex 0.025001176609994936 0.024997877908580345 0.02500322804039409
        vertex 0.02499864507644388 0.02499956925209537 -2.8393900039347637e-06
    endloop
endfacet
facet normal 0 0 0
    outer loop
        vertex 0.025001176609994936 0.024997877908580345 0.02500322804039409
        vertex 0.05000395548160608 0.02499650692190828 -3.597456325964969e-06
        vertex 0.02499864507644388 0.02499956925209537 -2.8393900039347637e-06
    endloop
endfacet
facet normal 0 0 0
    outer loop
        vertex 0.025001176609994936 0.024997877908580345 0.02500322804039409
        vertex 0.02500030321649126 5.066571101791882e-07 -5.316231150825438e-06
        vertex 0.05000395548160608 0.02499650692190828 -3.597456325964969e-06
    endloop
endfacet
facet normal 0 0 0
    outer loop
        vertex 0.02500030321649126 5.066571101791882e-07 -5.316231150825438e-06
        vertex 0.02499864507644388 0.02499956925209537 -2.8393900039347637e-06
        vertex 0.05000395548160608 0.02499650692190828 -3.597456325964969e-06
    endloop
endfacet
facet normal 0 0 0
    outer loop
        vertex 0.04999953844035048 -4.571327780206648e-06 1.2540059856322554e-06
        vertex 0.07502066831668561 0.024999854177689552 -2.349521194956026e-05
        vertex 0.07496134790044155 5.549183365023974e-06 -3.181941576024786e-05
    endloop
endfacet
facet normal 0 0 0
    outer loop
        vertex 0.07502066831668561 0.024999854177689552 -2.349521194956026e-05
        vertex 0.07500975442257223 3.2489944932674134e-05 0.024995962989571595
        vertex 0.07496134790044155 5.549183365023974e-06 -3.181941576024786e-05
    endloop
endfacet
facet normal 0 0 0
    outer loop
        vertex 0.07502066831668561 0.024999854177689552 -2.349521194956026e-05
        vertex 0.04999953844035048 -4.571327780206648e-06 1.2540059856322554e-06
        vertex 0.07500975442257223 3.2489944932674134e-05 0.024995962989571595
    endloop
endfacet
facet normal 0 0 0
    outer loop
        vertex 0.04999953844035048 -4.571327780206648e-06 1.2540059856322554e-06
        vertex 0.07496134790044155 5.549183365023974e-06 -3.181941576024786e-05
        vertex 0.07500975442257223 3.2489944932674134e-05 0.024995962989571595
    endloop
endfacet
facet normal 0 0 0
    outer loop
        vertex 0.04999953844035048 -4.571327780206648e-06 1.2540059856322554e-06
        vertex 0.049997562397664154 5.615208415586471e-06 0.02500012104497979
        vertex 0.04999874996245047 0.025000398144898187 0.024995518994856754
    endloop
endfacet
facet normal 0 0 0
    outer loop
        vertex 0.049997562397664154 5.615208415586471e-06 0.02500012104497979
        vertex 0.07500975442257223 3.2489944932674134e-05 0.024995962989571595
        vertex 0.04999874996245047 0.025000398144898187 0.024995518994856754
    endloop
endfacet
facet normal 0 0 0
    outer loop
        vertex 0.049997562397664154 5.615208415586471e-06 0.02500012104497979
        vertex 0.04999953844035048 -4.571327780206648e-06 1.2540059856322554e-06
        vertex 0.07500975442257223 3.2489944932674134e-05 0.024995962989571595
    endloop
endfacet
facet normal 0 0 0
    outer loop
        vertex 0.04999953844035048 -4.571327780206648e-06 1.2540059856322554e-06
        vertex 0.04999874996245047 0.025000398144898187 0.024995518994856754
        vertex 0.07500975442257223 3.2489944932674134e-05 0.024995962989571595
    endloop
endfacet
facet normal 0 0 0
    outer loop
        vertex 0.04999953844035048 -4.571327780206648e-06 1.2540059856322554e-06
        vertex 0.07502066831668561 0.024999854177689552 -2.349521194956026e-05
        vertex 0.07500975442257223 3.2489944932674134e-05 0.024995962989571595
    endloop
endfacet
facet normal 0 0 0
    outer loop
        vertex 0.07502066831668561 0.024999854177689552 -2.349521194956026e-05
        vertex 0.04999874996245047 0.025000398144898187 0.024995518994856754
        vertex 0.07500975442257223 3.2489944932674134e-05 0.024995962989571595
    endloop
endfacet
facet normal 0 0 0
    outer loop
        vertex 0.07502066831668561 0.024999854177689552 -2.349521194956026e-05
        vertex 0.04999953844035048 -4.571327780206648e-06 1.2540059856322554e-06
        vertex 0.04999874996245047 0.025000398144898187 0.024995518994856754
    endloop
endfacet
facet normal 0 0 0
    outer loop
        vertex 0.04999953844035048 -4.571327780206648e-06 1.2540059856322554e-06
        vertex 0.07500975442257223 3.2489944932674134e-05 0.024995962989571595
        vertex 0.04999874996245047 0.025000398144898187 0.024995518994856754
    endloop
endfacet
facet normal 0 0 0
    outer loop
        vertex 0.07502066831668561 0.024999854177689552 -2.349521194956026e-05
        vertex 0.07496464407236342 0.024999482246812088 0.025042034051869902
        vertex 0.07500975442257223 3.2489944932674134e-05 0.024995962989571595
    endloop
endfacet
facet normal 0 0 0
    outer loop
        vertex 0.07496464407236342 0.024999482246812088 0.025042034051869902
        vertex 0.04999874996245047 0.025000398144898187 0.024995518994856754
        vertex 0.07500975442257223 3.2489944932674134e-05 0.024995962989571595
    endloop
endfacet
facet normal 0 0 0
    outer loop
        vertex 0.07496464407236342 0.024999482246812088 0.025042034051869902
        vertex 0.07502066831668561 0.024999854177689552 -2.349521194956026e-05
        vertex 0.04999874996245047 0.025000398144898187 0.024995518994856754
    endloop
endfacet
facet normal 0 0 0
    outer loop
        vertex 0.07502066831668561 0.024999854177689552 -2.349521194956026e-05
        vertex 0.07500975442257223 3.2489944932674134e-05 0.024995962989571595
        vertex 0.04999874996245047 0.025000398144898187 0.024995518994856754
    endloop
endfacet
facet normal 0 0 0
    outer loop
        vertex 0.04999953844035048 -4.571327780206648e-06 1.2540059856322554e-06
        vertex 0.04999874996245047 0.025000398144898187 0.024995518994856754
        vertex 0.05000395548160608 0.02499650692190828 -3.597456325964969e-06
    endloop
endfacet
facet normal 0 0 0
    outer loop
        vertex 0.04999874996245047 0.025000398144898187 0.024995518994856754
        vertex 0.07502066831668561 0.024999854177689552 -2.349521194956026e-05
        vertex 0.05000395548160608 0.02499650692190828 -3.597456325964969e-06
    endloop
endfacet
facet normal 0 0 0
    outer loop
        vertex 0.04999874996245047 0.025000398144898187 0.024995518994856754
        vertex 0.04999953844035048 -4.571327780206648e-06 1.2540059856322554e-06
        vertex 0.07502066831668561 0.024999854177689552 -2.349521194956026e-05
    endloop
endfacet
facet normal 0 0 0
    outer loop
        vertex 0.04999953844035048 -4.571327780206648e-06 1.2540059856322554e-06
        vertex 0.05000395548160608 0.02499650692190828 -3.597456325964969e-06
        vertex 0.07502066831668561 0.024999854177689552 -2.349521194956026e-05
    endloop
endfacet
endsolid