solid tet_mesh
facet normal 0 0 0
    outer loop
        vertex 0.0 0.0 0.0
        vertex 0.023580612411982747 0.025453170012770268 -0.005219633250038814
        vertex 0.021944054658466428 -0.0010574707617954223 -0.006055284883293179
    endloop
endfacet
facet normal 0 0 0
    outer loop
        vertex 0.023580612411982747 0.025453170012770268 -0.005219633250038814
        vertex 0.02635509030946713 0.0004839416196510091 0.019915998457183098
        vertex 0.021944054658466428 -0.0010574707617954223 -0.006055284883293179
    endloop
endfacet
facet normal 0 0 0
    outer loop
        vertex 0.023580612411982747 0.025453170012770268 -0.005219633250038814
        vertex 0.0 0.0 0.0
        vertex 0.02635509030946713 0.0004839416196510091 0.019915998457183098
    endloop
endfacet
facet normal 0 0 0
    outer loop
        vertex 0.0 0.0 0.0
        vertex 0.021944054658466428 -0.0010574707617954223 -0.006055284883293179
        vertex 0.02635509030946713 0.0004839416196510091 0.019915998457183098
    endloop
endfacet
facet normal 0 0 0
    outer loop
        vertex 0.0 0.0 0.0
        vertex 0.0 0.0 0.025
        vertex 0.0 0.025 0.025
    endloop
endfacet
facet normal 0 0 0
    outer loop
        vertex 0.0 0.0 0.025
        vertex 0.02635509030946713 0.0004839416196510091 0.019915998457183098
        vertex 0.0 0.025 0.025
    endloop
endfacet
facet normal 0 0 0
    outer loop
        vertex 0.0 0.0 0.025
        vertex 0.0 0.0 0.0
        vertex 0.02635509030946713 0.0004839416196510091 0.019915998457183098
    endloop
endfacet
facet normal 0 0 0
    outer loop
        vertex 0.0 0.0 0.0
        vertex 0.0 0.025 0.025
        vertex 0.02635509030946713 0.0004839416196510091 0.019915998457183098
    endloop
endfacet
facet normal 0 0 0
    outer loop
        vertex 0.0 0.0 0.0
        vertex 0.023580612411982747 0.025453170012770268 -0.005219633250038814
        vertex 0.02635509030946713 0.0004839416196510091 0.019915998457183098
    endloop
endfacet
facet normal 0 0 0
    outer loop
        vertex 0.023580612411982747 0.025453170012770268 -0.005219633250038814
        vertex 0.0 0.025 0.025
        vertex 0.02635509030946713 0.0004839416196510091 0.019915998457183098
    endloop
endfacet
facet normal 0 0 0
    outer loop
        vertex 0.023580612411982747 0.025453170012770268 -0.005219633250038814
        vertex 0.0 0.0 0.0
        vertex 0.0 0.025 0.025
    endloop
endfacet
facet normal 0 0 0
    outer loop
        vertex 0.0 0.0 0.0
        vertex 0.02635509030946713 0.0004839416196510091 0.019915998457183098
        vertex 0.0 0.025 0.025
    endloop
endfacet
facet normal 0 0 0
    outer loop
        vertex 0.023580612411982747 0.025453170012770268 -0.005219633250038814
        vertex 0.027936793338857256 0.023739464348148123 0.01924086021539216
        vertex 0.02635509030946713 0.0004839416196510091 0.019915998457183098
    endloop
endfacet
facet normal 0 0 0
    outer loop
        vertex 0.027936793338857256 0.023739464348148123 0.01924086021539216
        vertex 0.0 0.025 0.025
        vertex 0.02635509030946713 0.0004839416196510091 0.019915998457183098
    endloop
endfacet
facet normal 0 0 0
    outer loop
        vertex 0.027936793338857256 0.023739464348148123 0.01924086021539216
        vertex 0.023580612411982747 0.025453170012770268 -0.005219633250038814
        vertex 0.0 0.025 0.025
    endloop
endfacet
facet normal 0 0 0
    outer loop
        vertex 0.023580612411982747 0.025453170012770268 -0.005219633250038814
        vertex 0.02635509030946713 0.0004839416196510091 0.019915998457183098
        vertex 0.0 0.025 0.025
    endloop
endfacet
facet normal 0 0 0
    outer loop
        vertex 0.0 0.0 0.0
        vertex 0.0 0.025 0.025
        vertex 0.0 0.025 0.0
    endloop
endfacet
facet normal 0 0 0
    outer loop
        vertex 0.0 0.025 0.025
        vertex 0.023580612411982747 0.025453170012770268 -0.005219633250038814
        vertex 0.0 0.025 0.0
    endloop
endfacet
facet normal 0 0 0
    outer loop
        vertex 0.0 0.025 0.025
        vertex 0.0 0.0 0.0
        vertex 0.023580612411982747 0.025453170012770268 -0.005219633250038814
    endloop
endfacet
facet normal 0 0 0
    outer loop
        vertex 0.0 0.0 0.0
        vertex 0.0 0.025 0.0
        vertex 0.023580612411982747 0.025453170012770268 -0.005219633250038814
    endloop
endfacet
facet normal 0 0 0
    outer loop
        vertex 0.021944054658466428 -0.0010574707617954223 -0.006055284883293179
        vertex 0.047145166709942184 0.02351974791361107 -0.013490057176726952
        vertex 0.0456725314385944 -0.0019210274349210654 -0.014188430601722044
    endloop
endfacet
facet normal 0 0 0
    outer loop
        vertex 0.047145166709942184 0.02351974791361107 -0.013490057176726952
        vertex 0.05259642217175526 -0.0016039787125595702 0.011481735984883059
        vertex 0.0456725314385944 -0.0019210274349210654 -0.014188430601722044
    endloop
endfacet
facet normal 0 0 0
    outer loop
        vertex 0.047145166709942184 0.02351974791361107 -0.013490057176726952
        vertex 0.021944054658466428 -0.0010574707617954223 -0.006055284883293179
        vertex 0.05259642217175526 -0.0016039787125595702 0.011481735984883059
    endloop
endfacet
facet normal 0 0 0
    outer loop
        vertex 0.021944054658466428 -0.0010574707617954223 -0.006055284883293179
        vertex 0.0456725314385944 -0.0019210274349210654 -0.014188430601722044
        vertex 0.05259642217175526 -0.0016039787125595702 0.011481735984883059
    endloop
endfacet
facet normal 0 0 0
    outer loop
        vertex 0.021944054658466428 -0.0010574707617954223 -0.006055284883293179
        vertex 0.02635509030946713 0.0004839416196510091 0.019915998457183098
        vertex 0.027936793338857256 0.023739464348148123 0.01924086021539216
    endloop
endfacet
facet normal 0 0 0
    outer loop
        vertex 0.02635509030946713 0.0004839416196510091 0.019915998457183098
        vertex 0.05259642217175526 -0.0016039787125595702 0.011481735984883059
        vertex 0.027936793338857256 0.023739464348148123 0.01924086021539216
    endloop
endfacet
facet normal 0 0 0
    outer loop
        vertex 0.02635509030946713 0.0004839416196510091 0.019915998457183098
        vertex 0.021944054658466428 -0.0010574707617954223 -0.006055284883293179
        vertex 0.05259642217175526 -0.0016039787125595702 0.011481735984883059
    endloop
endfacet
facet normal 0 0 0
    outer loop
        vertex 0.021944054658466428 -0.0010574707617954223 -0.006055284883293179
        vertex 0.027936793338857256 0.023739464348148123 0.01924086021539216
        vertex 0.05259642217175526 -0.0016039787125595702 0.011481735984883059
    endloop
endfacet
facet normal 0 0 0
    outer loop
        vertex 0.021944054658466428 -0.0010574707617954223 -0.006055284883293179
        vertex 0.047145166709942184 0.02351974791361107 -0.013490057176726952
        vertex 0.05259642217175526 -0.0016039787125595702 0.011481735984883059
    endloop
endfacet
facet normal 0 0 0
    outer loop
        vertex 0.047145166709942184 0.02351974791361107 -0.013490057176726952
        vertex 0.027936793338857256 0.023739464348148123 0.01924086021539216
        vertex 0.05259642217175526 -0.0016039787125595702 0.011481735984883059
    endloop
endfacet
facet normal 0 0 0
    outer loop
        vertex 0.047145166709942184 0.02351974791361107 -0.013490057176726952
        vertex 0.021944054658466428 -0.0010574707617954223 -0.006055284883293179
        vertex 0.027936793338857256 0.023739464348148123 0.01924086021539216
    endloop
endfacet
facet normal 0 0 0
    outer loop
        vertex 0.021944054658466428 -0.0010574707617954223 -0.006055284883293179
        vertex 0.05259642217175526 -0.0016039787125595702 0.011481735984883059
        vertex 0.027936793338857256 0.023739464348148123 0.01924086021539216
    endloop
endfacet
facet normal 0 0 0
    outer loop
        vertex 0.047145166709942184 0.02351974791361107 -0.013490057176726952
        vertex 0.054060090762855464 0.022694540271371768 0.011302563289889109
        vertex 0.05259642217175526 -0.0016039787125595702 0.011481735984883059
    endloop
endfacet
facet normal 0 0 0
    outer loop
        vertex 0.054060090762855464 0.022694540271371768 0.011302563289889109
        vertex 0.027936793338857256 0.023739464348148123 0.01924086021539216
        vertex 0.05259642217175526 -0.0016039787125595702 0.011481735984883059
    endloop
endfacet
facet normal 0 0 0
    outer loop
        vertex 0.054060090762855464 0.022694540271371768 0.011302563289889109
        vertex 0.047145166709942184 0.02351974791361107 -0.013490057176726952
        vertex 0.027936793338857256 0.023739464348148123 0.01924086021539216
    endloop
endfacet
facet normal 0 0 0
    outer loop
        vertex 0.047145166709942184 0.02351974791361107 -0.013490057176726952
        vertex 0.05259642217175526 -0.0016039787125595702 0.011481735984883059
        vertex 0.027936793338857256 0.023739464348148123 0.01924086021539216
    endloop
endfacet
facet normal 0 0 0
    outer loop
        vertex 0.021944054658466428 -0.0010574707617954223 -0.006055284883293179
        vertex 0.027936793338857256 0.023739464348148123 0.01924086021539216
        vertex 0.023580612411982747 0.025453170012770268 -0.005219633250038814
    endloop
endfacet
facet normal 0 0 0
    outer loop
        vertex 0.027936793338857256 0.023739464348148123 0.01924086021539216
        vertex 0.047145166709942184 0.02351974791361107 -0.013490057176726952
        vertex 0.023580612411982747 0.025453170012770268 -0.005219633250038814
    endloop
endfacet
facet normal 0 0 0
    outer loop
        vertex 0.027936793338857256 0.023739464348148123 0.01924086021539216
        vertex 0.021944054658466428 -0.0010574707617954223 -0.006055284883293179
        vertex 0.047145166709942184 0.02351974791361107 -0.013490057176726952
    endloop
endfacet
facet normal 0 0 0
    outer loop
        vertex 0.021944054658466428 -0.0010574707617954223 -0.006055284883293179
        vertex 0.023580612411982747 0.025453170012770268 -0.005219633250038814
        vertex 0.047145166709942184 0.02351974791361107 -0.013490057176726952
    endloop
endfacet
facet normal 0 0 0
    outer loop
        vertex 0.0456725314385944 -0.0019210274349210654 -0.014188430601722044
        vertex 0.07175593347834557 0.02182833044739284 -0.022014646200596136
        vertex 0.07017046213929586 -0.002977802753648662 -0.022892272337309887
    endloop
endfacet
facet normal 0 0 0
    outer loop
        vertex 0.07175593347834557 0.02182833044739284 -0.022014646200596136
        vertex 0.07780578665734683 -0.0034033168076800678 0.002855254701496373
        vertex 0.07017046213929586 -0.002977802753648662 -0.022892272337309887
    endloop
endfacet
facet normal 0 0 0
    outer loop
        vertex 0.07175593347834557 0.02182833044739284 -0.022014646200596136
        vertex 0.0456725314385944 -0.0019210274349210654 -0.014188430601722044
        vertex 0.07780578665734683 -0.0034033168076800678 0.002855254701496373
    endloop
endfacet
facet normal 0 0 0
    outer loop
        vertex 0.0456725314385944 -0.0019210274349210654 -0.014188430601722044
        vertex 0.07017046213929586 -0.002977802753648662 -0.022892272337309887
        vertex 0.07780578665734683 -0.0034033168076800678 0.002855254701496373
    endloop
endfacet
facet normal 0 0 0
    outer loop
        vertex 0.0456725314385944 -0.0019210274349210654 -0.014188430601722044
        vertex 0.05259642217175526 -0.0016039787125595702 0.011481735984883059
        vertex 0.054060090762855464 0.022694540271371768 0.011302563289889109
    endloop
endfacet
facet normal 0 0 0
    outer loop
        vertex 0.05259642217175526 -0.0016039787125595702 0.011481735984883059
        vertex 0.07780578665734683 -0.0034033168076800678 0.002855254701496373
        vertex 0.054060090762855464 0.022694540271371768 0.011302563289889109
    endloop
endfacet
facet normal 0 0 0
    outer loop
        vertex 0.05259642217175526 -0.0016039787125595702 0.011481735984883059
        vertex 0.0456725314385944 -0.0019210274349210654 -0.014188430601722044
        vertex 0.07780578665734683 -0.0034033168076800678 0.002855254701496373
    endloop
endfacet
facet normal 0 0 0
    outer loop
        vertex 0.0456725314385944 -0.0019210274349210654 -0.014188430601722044
        vertex 0.054060090762855464 0.022694540271371768 0.011302563289889109
        vertex 0.07780578665734683 -0.0034033168076800678 0.002855254701496373
    endloop
endfacet
facet normal 0 0 0
    outer loop
        vertex 0.0456725314385944 -0.0019210274349210654 -0.014188430601722044
        vertex 0.07175593347834557 0.02182833044739284 -0.022014646200596136
        vertex 0.07780578665734683 -0.0034033168076800678 0.002855254701496373
    endloop
endfacet
facet normal 0 0 0
    outer loop
        vertex 0.07175593347834557 0.02182833044739284 -0.022014646200596136
        vertex 0.054060090762855464 0.022694540271371768 0.011302563289889109
        vertex 0.07780578665734683 -0.0034033168076800678 0.002855254701496373
    endloop
endfacet
facet normal 0 0 0
    outer loop
        vertex 0.07175593347834557 0.02182833044739284 -0.022014646200596136
        vertex 0.0456725314385944 -0.0019210274349210654 -0.014188430601722044
        vertex 0.054060090762855464 0.022694540271371768 0.011302563289889109
    endloop
endfacet
facet normal 0 0 0
    outer loop
        vertex 0.0456725314385944 -0.0019210274349210654 -0.014188430601722044
        vertex 0.07780578665734683 -0.0034033168076800678 0.002855254701496373
        vertex 0.054060090762855464 0.022694540271371768 0.011302563289889109
    endloop
endfacet
facet normal 0 0 0
    outer loop
        vertex 0.07175593347834557 0.02182833044739284 -0.022014646200596136
        vertex 0.07915205950669425 0.021384817413557508 0.003163320814933347
        vertex 0.07780578665734683 -0.0034033168076800678 0.002855254701496373
    endloop
endfacet
facet normal 0 0 0
    outer loop
        vertex 0.07915205950669425 0.021384817413557508 0.003163320814933347
        vertex 0.054060090762855464 0.022694540271371768 0.011302563289889109
        vertex 0.07780578665734683 -0.0034033168076800678 0.002855254701496373
    endloop
endfacet
facet normal 0 0 0
    outer loop
        vertex 0.07915205950669425 0.021384817413557508 0.003163320814933347
        vertex 0.07175593347834557 0.02182833044739284 -0.022014646200596136
        vertex 0.054060090762855464 0.022694540271371768 0.011302563289889109
    endloop
endfacet
facet normal 0 0 0
    outer loop
        vertex 0.07175593347834557 0.02182833044739284 -0.022014646200596136
        vertex 0.07780578665734683 -0.0034033168076800678 0.002855254701496373
        vertex 0.054060090762855464 0.022694540271371768 0.011302563289889109
    endloop
endfacet
facet normal 0 0 0
    outer loop
        vertex 0.0456725314385944 -0.0019210274349210654 -0.014188430601722044
        vertex 0.054060090762855464 0.022694540271371768 0.011302563289889109
        vertex 0.047145166709942184 0.02351974791361107 -0.013490057176726952
    endloop
endfacet
facet normal 0 0 0
    outer loop
        vertex 0.054060090762855464 0.022694540271371768 0.011302563289889109
        vertex 0.07175593347834557 0.02182833044739284 -0.022014646200596136
        vertex 0.047145166709942184 0.02351974791361107 -0.013490057176726952
    endloop
endfacet
facet normal 0 0 0
    outer loop
        vertex 0.054060090762855464 0.022694540271371768 0.011302563289889109
        vertex 0.0456725314385944 -0.0019210274349210654 -0.014188430601722044
        vertex 0.07175593347834557 0.02182833044739284 -0.022014646200596136
    endloop
endfacet
facet normal 0 0 0
    outer loop
        vertex 0.0456725314385944 -0.0019210274349210654 -0.014188430601722044
        vertex 0.047145166709942184 0.02351974791361107 -0.013490057176726952
        vertex 0.07175593347834557 0.02182833044739284 -0.022014646200596136
    endloop
endfacet
endsolid