solid tet_mesh
facet normal 0 0 0
    outer loop
        vertex 0.0 0.0 0.0
        vertex 0.023722371434478202 0.02559014506515553 -0.004558506728905445
        vertex 0.022071321209629628 -0.0005596740771255995 -0.005838918489577465
    endloop
endfacet
facet normal 0 0 0
    outer loop
        vertex 0.023722371434478202 0.02559014506515553 -0.004558506728905445
        vertex 0.0262056724867424 0.00020498638716926997 0.019671154822956304
        vertex 0.022071321209629628 -0.0005596740771255995 -0.005838918489577465
    endloop
endfacet
facet normal 0 0 0
    outer loop
        vertex 0.023722371434478202 0.02559014506515553 -0.004558506728905445
        vertex 0.0 0.0 0.0
        vertex 0.0262056724867424 0.00020498638716926997 0.019671154822956304
    endloop
endfacet
facet normal 0 0 0
    outer loop
        vertex 0.0 0.0 0.0
        vertex 0.022071321209629628 -0.0005596740771255995 -0.005838918489577465
        vertex 0.0262056724867424 0.00020498638716926997 0.019671154822956304
    endloop
endfacet
facet normal 0 0 0
    outer loop
        vertex 0.0 0.0 0.0
        vertex 0.0 0.0 0.025
        vertex 0.0 0.025 0.025
    endloop
endfacet
facet normal 0 0 0
    outer loop
        vertex 0.0 0.0 0.025
        vertex 0.0262056724867424 0.00020498638716926997 0.019671154822956304
        vertex 0.0 0.025 0.025
    endloop
endfacet
facet normal 0 0 0
    outer loop
        vertex 0.0 0.0 0.025
        vertex 0.0 0.0 0.0
        vertex 0.0262056724867424 0.00020498638716926997 0.019671154822956304
    endloop
endfacet
facet normal 0 0 0
    outer loop
        vertex 0.0 0.0 0.0
        vertex 0.0 0.025 0.025
        vertex 0.0262056724867424 0.00020498638716926997 0.019671154822956304
    endloop
endfacet
facet normal 0 0 0
    outer loop
        vertex 0.0 0.0 0.0
        vertex 0.023722371434478202 0.02559014506515553 -0.004558506728905445
        vertex 0.0262056724867424 0.00020498638716926997 0.019671154822956304
    endloop
endfacet
facet normal 0 0 0
    outer loop
        vertex 0.023722371434478202 0.02559014506515553 -0.004558506728905445
        vertex 0.0 0.025 0.025
        vertex 0.0262056724867424 0.00020498638716926997 0.019671154822956304
    endloop
endfacet
facet normal 0 0 0
    outer loop
        vertex 0.023722371434478202 0.02559014506515553 -0.004558506728905445
        vertex 0.0 0.0 0.0
        vertex 0.0 0.025 0.025
    endloop
endfacet
facet normal 0 0 0
    outer loop
        vertex 0.0 0.0 0.0
        vertex 0.0262056724867424 0.00020498638716926997 0.019671154822956304
        vertex 0.0 0.025 0.025
    endloop
endfacet
facet normal 0 0 0
    outer loop
        vertex 0.023722371434478202 0.02559014506515553 -0.004558506728905445
        vertex 0.02775361495831573 0.02351412897917539 0.019299080008863902
        vertex 0.0262056724867424 0.00020498638716926997 0.019671154822956304
    endloop
endfacet
facet normal 0 0 0
    outer loop
        vertex 0.02775361495831573 0.02351412897917539 0.019299080008863902
        vertex 0.0 0.025 0.025
        vertex 0.0262056724867424 0.00020498638716926997 0.019671154822956304
    endloop
endfacet
facet normal 0 0 0
    outer loop
        vertex 0.02775361495831573 0.02351412897917539 0.019299080008863902
        vertex 0.023722371434478202 0.02559014506515553 -0.004558506728905445
        vertex 0.0 0.025 0.025
    endloop
endfacet
facet normal 0 0 0
    outer loop
        vertex 0.023722371434478202 0.02559014506515553 -0.004558506728905445
        vertex 0.0262056724867424 0.00020498638716926997 0.019671154822956304
        vertex 0.0 0.025 0.025
    endloop
endfacet
facet normal 0 0 0
    outer loop
        vertex 0.0 0.0 0.0
        vertex 0.0 0.025 0.025
        vertex 0.0 0.025 0.0
    endloop
endfacet
facet normal 0 0 0
    outer loop
        vertex 0.0 0.025 0.025
        vertex 0.023722371434478202 0.02559014506515553 -0.004558506728905445
        vertex 0.0 0.025 0.0
    endloop
endfacet
facet normal 0 0 0
    outer loop
        vertex 0.0 0.025 0.025
        vertex 0.0 0.0 0.0
        vertex 0.023722371434478202 0.02559014506515553 -0.004558506728905445
    endloop
endfacet
facet normal 0 0 0
    outer loop
        vertex 0.0 0.0 0.0
        vertex 0.0 0.025 0.0
        vertex 0.023722371434478202 0.02559014506515553 -0.004558506728905445
    endloop
endfacet
facet normal 0 0 0
    outer loop
        vertex 0.022071321209629628 -0.0005596740771255995 -0.005838918489577465
        vertex 0.046820272558918935 0.02387136421353365 -0.012133620708593924
        vertex 0.045152824153128254 -0.0013187927786180228 -0.013136848546240679
    endloop
endfacet
facet normal 0 0 0
    outer loop
        vertex 0.046820272558918935 0.02387136421353365 -0.012133620708593924
        vertex 0.051412952772646694 -0.0018281767244156205 0.011622767993693314
        vertex 0.045152824153128254 -0.0013187927786180228 -0.013136848546240679
    endloop
endfacet
facet normal 0 0 0
    outer loop
        vertex 0.046820272558918935 0.02387136421353365 -0.012133620708593924
        vertex 0.022071321209629628 -0.0005596740771255995 -0.005838918489577465
        vertex 0.051412952772646694 -0.0018281767244156205 0.011622767993693314
    endloop
endfacet
facet normal 0 0 0
    outer loop
        vertex 0.022071321209629628 -0.0005596740771255995 -0.005838918489577465
        vertex 0.045152824153128254 -0.0013187927786180228 -0.013136848546240679
        vertex 0.051412952772646694 -0.0018281767244156205 0.011622767993693314
    endloop
endfacet
facet normal 0 0 0
    outer loop
        vertex 0.022071321209629628 -0.0005596740771255995 -0.005838918489577465
        vertex 0.0262056724867424 0.00020498638716926997 0.019671154822956304
        vertex 0.02775361495831573 0.02351412897917539 0.019299080008863902
    endloop
endfacet
facet normal 0 0 0
    outer loop
        vertex 0.0262056724867424 0.00020498638716926997 0.019671154822956304
        vertex 0.051412952772646694 -0.0018281767244156205 0.011622767993693314
        vertex 0.02775361495831573 0.02351412897917539 0.019299080008863902
    endloop
endfacet
facet normal 0 0 0
    outer loop
        vertex 0.0262056724867424 0.00020498638716926997 0.019671154822956304
        vertex 0.022071321209629628 -0.0005596740771255995 -0.005838918489577465
        vertex 0.051412952772646694 -0.0018281767244156205 0.011622767993693314
    endloop
endfacet
facet normal 0 0 0
    outer loop
        vertex 0.022071321209629628 -0.0005596740771255995 -0.005838918489577465
        vertex 0.02775361495831573 0.02351412897917539 0.019299080008863902
        vertex 0.051412952772646694 -0.0018281767244156205 0.011622767993693314
    endloop
endfacet
facet normal 0 0 0
    outer loop
        vertex 0.022071321209629628 -0.0005596740771255995 -0.005838918489577465
        vertex 0.046820272558918935 0.02387136421353365 -0.012133620708593924
        vertex 0.051412952772646694 -0.0018281767244156205 0.011622767993693314
    endloop
endfacet
facet normal 0 0 0
    outer loop
        vertex 0.046820272558918935 0.02387136421353365 -0.012133620708593924
        vertex 0.02775361495831573 0.02351412897917539 0.019299080008863902
        vertex 0.051412952772646694 -0.0018281767244156205 0.011622767993693314
    endloop
endfacet
facet normal 0 0 0
    outer loop
        vertex 0.046820272558918935 0.02387136421353365 -0.012133620708593924
        vertex 0.022071321209629628 -0.0005596740771255995 -0.005838918489577465
        vertex 0.02775361495831573 0.02351412897917539 0.019299080008863902
    endloop
endfacet
facet normal 0 0 0
    outer loop
        vertex 0.022071321209629628 -0.0005596740771255995 -0.005838918489577465
        vertex 0.051412952772646694 -0.0018281767244156205 0.011622767993693314
        vertex 0.02775361495831573 0.02351412897917539 0.019299080008863902
    endloop
endfacet
facet normal 0 0 0
    outer loop
        vertex 0.046820272558918935 0.02387136421353365 -0.012133620708593924
        vertex 0.05287630054965068 0.022470466674329344 0.011795936243517933
        vertex 0.051412952772646694 -0.0018281767244156205 0.011622767993693314
    endloop
endfacet
facet normal 0 0 0
    outer loop
        vertex 0.05287630054965068 0.022470466674329344 0.011795936243517933
        vertex 0.02775361495831573 0.02351412897917539 0.019299080008863902
        vertex 0.051412952772646694 -0.0018281767244156205 0.011622767993693314
    endloop
endfacet
facet normal 0 0 0
    outer loop
        vertex 0.05287630054965068 0.022470466674329344 0.011795936243517933
        vertex 0.046820272558918935 0.02387136421353365 -0.012133620708593924
        vertex 0.02775361495831573 0.02351412897917539 0.019299080008863902
    endloop
endfacet
facet normal 0 0 0
    outer loop
        vertex 0.046820272558918935 0.02387136421353365 -0.012133620708593924
        vertex 0.051412952772646694 -0.0018281767244156205 0.011622767993693314
        vertex 0.02775361495831573 0.02351412897917539 0.019299080008863902
    endloop
endfacet
facet normal 0 0 0
    outer loop
        vertex 0.022071321209629628 -0.0005596740771255995 -0.005838918489577465
        vertex 0.02775361495831573 0.02351412897917539 0.019299080008863902
        vertex 0.023722371434478202 0.02559014506515553 -0.004558506728905445
    endloop
endfacet
facet normal 0 0 0
    outer loop
        vertex 0.02775361495831573 0.02351412897917539 0.019299080008863902
        vertex 0.046820272558918935 0.02387136421353365 -0.012133620708593924
        vertex 0.023722371434478202 0.02559014506515553 -0.004558506728905445
    endloop
endfacet
facet normal 0 0 0
    outer loop
        vertex 0.02775361495831573 0.02351412897917539 0.019299080008863902
        vertex 0.022071321209629628 -0.0005596740771255995 -0.005838918489577465
        vertex 0.046820272558918935 0.02387136421353365 -0.012133620708593924
    endloop
endfacet
facet normal 0 0 0
    outer loop
        vertex 0.022071321209629628 -0.0005596740771255995 -0.005838918489577465
        vertex 0.023722371434478202 0.02559014506515553 -0.004558506728905445
        vertex 0.046820272558918935 0.02387136421353365 -0.012133620708593924
    endloop
endfacet
facet normal 0 0 0
    outer loop
        vertex 0.045152824153128254 -0.0013187927786180228 -0.013136848546240679
        vertex 0.07050807020905206 0.02232582095750744 -0.019732053219309254
        vertex 0.06871815919114897 -0.0023148915753450484 -0.02076583931373362
    endloop
endfacet
facet normal 0 0 0
    outer loop
        vertex 0.07050807020905206 0.02232582095750744 -0.019732053219309254
        vertex 0.07545463787710392 -0.0034964418050584607 0.003909296188703466
        vertex 0.06871815919114897 -0.0023148915753450484 -0.02076583931373362
    endloop
endfacet
facet normal 0 0 0
    outer loop
        vertex 0.07050807020905206 0.02232582095750744 -0.019732053219309254
        vertex 0.045152824153128254 -0.0013187927786180228 -0.013136848546240679
        vertex 0.07545463787710392 -0.0034964418050584607 0.003909296188703466
    endloop
endfacet
facet normal 0 0 0
    outer loop
        vertex 0.045152824153128254 -0.0013187927786180228 -0.013136848546240679
        vertex 0.06871815919114897 -0.0023148915753450484 -0.02076583931373362
        vertex 0.07545463787710392 -0.0034964418050584607 0.003909296188703466
    endloop
endfacet
facet normal 0 0 0
    outer loop
        vertex 0.045152824153128254 -0.0013187927786180228 -0.013136848546240679
        vertex 0.051412952772646694 -0.0018281767244156205 0.011622767993693314
        vertex 0.05287630054965068 0.022470466674329344 0.011795936243517933
    endloop
endfacet
facet normal 0 0 0
    outer loop
        vertex 0.051412952772646694 -0.0018281767244156205 0.011622767993693314
        vertex 0.07545463787710392 -0.0034964418050584607 0.003909296188703466
        vertex 0.05287630054965068 0.022470466674329344 0.011795936243517933
    endloop
endfacet
facet normal 0 0 0
    outer loop
        vertex 0.051412952772646694 -0.0018281767244156205 0.011622767993693314
        vertex 0.045152824153128254 -0.0013187927786180228 -0.013136848546240679
        vertex 0.07545463787710392 -0.0034964418050584607 0.003909296188703466
    endloop
endfacet
facet normal 0 0 0
    outer loop
        vertex 0.045152824153128254 -0.0013187927786180228 -0.013136848546240679
        vertex 0.05287630054965068 0.022470466674329344 0.011795936243517933
        vertex 0.07545463787710392 -0.0034964418050584607 0.003909296188703466
    endloop
endfacet
facet normal 0 0 0
    outer loop
        vertex 0.045152824153128254 -0.0013187927786180228 -0.013136848546240679
        vertex 0.07050807020905206 0.02232582095750744 -0.019732053219309254
        vertex 0.07545463787710392 -0.0034964418050584607 0.003909296188703466
    endloop
endfacet
facet normal 0 0 0
    outer loop
        vertex 0.07050807020905206 0.02232582095750744 -0.019732053219309254
        vertex 0.05287630054965068 0.022470466674329344 0.011795936243517933
        vertex 0.07545463787710392 -0.0034964418050584607 0.003909296188703466
    endloop
endfacet
facet normal 0 0 0
    outer loop
        vertex 0.07050807020905206 0.02232582095750744 -0.019732053219309254
        vertex 0.045152824153128254 -0.0013187927786180228 -0.013136848546240679
        vertex 0.05287630054965068 0.022470466674329344 0.011795936243517933
    endloop
endfacet
facet normal 0 0 0
    outer loop
        vertex 0.045152824153128254 -0.0013187927786180228 -0.013136848546240679
        vertex 0.07545463787710392 -0.0034964418050584607 0.003909296188703466
        vertex 0.05287630054965068 0.022470466674329344 0.011795936243517933
    endloop
endfacet
facet normal 0 0 0
    outer loop
        vertex 0.07050807020905206 0.02232582095750744 -0.019732053219309254
        vertex 0.07692244336846006 0.02122324307877613 0.004575400524747808
        vertex 0.07545463787710392 -0.0034964418050584607 0.003909296188703466
    endloop
endfacet
facet normal 0 0 0
    outer loop
        vertex 0.07692244336846006 0.02122324307877613 0.004575400524747808
        vertex 0.05287630054965068 0.022470466674329344 0.011795936243517933
        vertex 0.07545463787710392 -0.0034964418050584607 0.003909296188703466
    endloop
endfacet
facet normal 0 0 0
    outer loop
        vertex 0.07692244336846006 0.02122324307877613 0.004575400524747808
        vertex 0.07050807020905206 0.02232582095750744 -0.019732053219309254
        vertex 0.05287630054965068 0.022470466674329344 0.011795936243517933
    endloop
endfacet
facet normal 0 0 0
    outer loop
        vertex 0.07050807020905206 0.02232582095750744 -0.019732053219309254
        vertex 0.07545463787710392 -0.0034964418050584607 0.003909296188703466
        vertex 0.05287630054965068 0.022470466674329344 0.011795936243517933
    endloop
endfacet
facet normal 0 0 0
    outer loop
        vertex 0.045152824153128254 -0.0013187927786180228 -0.013136848546240679
        vertex 0.05287630054965068 0.022470466674329344 0.011795936243517933
        vertex 0.046820272558918935 0.02387136421353365 -0.012133620708593924
    endloop
endfacet
facet normal 0 0 0
    outer loop
        vertex 0.05287630054965068 0.022470466674329344 0.011795936243517933
        vertex 0.07050807020905206 0.02232582095750744 -0.019732053219309254
        vertex 0.046820272558918935 0.02387136421353365 -0.012133620708593924
    endloop
endfacet
facet normal 0 0 0
    outer loop
        vertex 0.05287630054965068 0.022470466674329344 0.011795936243517933
        vertex 0.045152824153128254 -0.0013187927786180228 -0.013136848546240679
        vertex 0.07050807020905206 0.02232582095750744 -0.019732053219309254
    endloop
endfacet
facet normal 0 0 0
    outer loop
        vertex 0.045152824153128254 -0.0013187927786180228 -0.013136848546240679
        vertex 0.046820272558918935 0.02387136421353365 -0.012133620708593924
        vertex 0.07050807020905206 0.02232582095750744 -0.019732053219309254
    endloop
endfacet
endsolid