solid tet_mesh
facet normal 0 0 0
    outer loop
        vertex 0.0 0.0 0.0
        vertex 0.025 0.025 -0.00044653467604777874
        vertex 0.025 0.0 0.0005804212045190384
    endloop
endfacet
facet normal 0 0 0
    outer loop
        vertex 0.025 0.025 -0.00044653467604777874
        vertex 0.025 0.0 0.024959165631562457
        vertex 0.025 0.0 0.0005804212045190384
    endloop
endfacet
facet normal 0 0 0
    outer loop
        vertex 0.025 0.025 -0.00044653467604777874
        vertex 0.0 0.0 0.0
        vertex 0.025 0.0 0.024959165631562457
    endloop
endfacet
facet normal 0 0 0
    outer loop
        vertex 0.0 0.0 0.0
        vertex 0.025 0.0 0.0005804212045190384
        vertex 0.025 0.0 0.024959165631562457
    endloop
endfacet
facet normal 0 0 0
    outer loop
        vertex 0.0 0.0 0.0
        vertex 0.0 0.0 0.025
        vertex 0.0 0.025 0.025
    endloop
endfacet
facet normal 0 0 0
    outer loop
        vertex 0.0 0.0 0.025
        vertex 0.025 0.0 0.024959165631562457
        vertex 0.0 0.025 0.025
    endloop
endfacet
facet normal 0 0 0
    outer loop
        vertex 0.0 0.0 0.025
        vertex 0.0 0.0 0.0
        vertex 0.025 0.0 0.024959165631562457
    endloop
endfacet
facet normal 0 0 0
    outer loop
        vertex 0.0 0.0 0.0
        vertex 0.0 0.025 0.025
        vertex 0.025 0.0 0.024959165631562457
    endloop
endfacet
facet normal 0 0 0
    outer loop
        vertex 0.0 0.0 0.0
        vertex 0.025 0.025 -0.00044653467604777874
        vertex 0.025 0.0 0.024959165631562457
    endloop
endfacet
facet normal 0 0 0
    outer loop
        vertex 0.025 0.025 -0.00044653467604777874
        vertex 0.0 0.025 0.025
        vertex 0.025 0.0 0.024959165631562457
    endloop
endfacet
facet normal 0 0 0
    outer loop
        vertex 0.025 0.025 -0.00044653467604777874
        vertex 0.0 0.0 0.0
        vertex 0.0 0.025 0.025
    endloop
endfacet
facet normal 0 0 0
    outer loop
        vertex 0.0 0.0 0.0
        vertex 0.025 0.0 0.024959165631562457
        vertex 0.0 0.025 0.025
    endloop
endfacet
facet normal 0 0 0
    outer loop
        vertex 0.025 0.025 -0.00044653467604777874
        vertex 0.025 0.025 0.02575498212390079
        vertex 0.025 0.0 0.024959165631562457
    endloop
endfacet
facet normal 0 0 0
    outer loop
        vertex 0.025 0.025 0.02575498212390079
        vertex 0.0 0.025 0.025
        vertex 0.025 0.0 0.024959165631562457
    endloop
endfacet
facet normal 0 0 0
    outer loop
        vertex 0.025 0.025 0.02575498212390079
        vertex 0.025 0.025 -0.00044653467604777874
        vertex 0.0 0.025 0.025
    endloop
endfacet
facet normal 0 0 0
    outer loop
        vertex 0.025 0.025 -0.00044653467604777874
        vertex 0.025 0.0 0.024959165631562457
        vertex 0.0 0.025 0.025
    endloop
endfacet
facet normal 0 0 0
    outer loop
        vertex 0.0 0.0 0.0
        vertex 0.0 0.025 0.025
        vertex 0.0 0.025 0.0
    endloop
endfacet
facet normal 0 0 0
    outer loop
        vertex 0.0 0.025 0.025
        vertex 0.025 0.025 -0.00044653467604777874
        vertex 0.0 0.025 0.0
    endloop
endfacet
facet normal 0 0 0
    outer loop
        vertex 0.0 0.025 0.025
        vertex 0.0 0.0 0.0
        vertex 0.025 0.025 -0.00044653467604777874
    endloop
endfacet
facet normal 0 0 0
    outer loop
        vertex 0.0 0.0 0.0
        vertex 0.0 0.025 0.0
        vertex 0.025 0.025 -0.00044653467604777874
    endloop
endfacet
facet normal 0 0 0
    outer loop
        vertex 0.025 0.0 0.0005804212045190384
        vertex 0.05 0.025 1.132455537208983e-06
        vertex 0.05 0.0 -0.0007889250781769834
    endloop
endfacet
facet normal 0 0 0
    outer loop
        vertex 0.05 0.025 1.132455537208983e-06
        vertex 0.05 0.0 0.025550995489786867
        vertex 0.05 0.0 -0.0007889250781769834
    endloop
endfacet
facet normal 0 0 0
    outer loop
        vertex 0.05 0.025 1.132455537208983e-06
        vertex 0.025 0.0 0.0005804212045190384
        vertex 0.05 0.0 0.025550995489786867
    endloop
endfacet
facet normal 0 0 0
    outer loop
        vertex 0.025 0.0 0.0005804212045190384
        vertex 0.05 0.0 -0.0007889250781769834
        vertex 0.05 0.0 0.025550995489786867
    endloop
endfacet
facet normal 0 0 0
    outer loop
        vertex 0.025 0.0 0.0005804212045190384
        vertex 0.025 0.0 0.024959165631562457
        vertex 0.025 0.025 0.02575498212390079
    endloop
endfacet
facet normal 0 0 0
    outer loop
        vertex 0.025 0.0 0.024959165631562457
        vertex 0.05 0.0 0.025550995489786867
        vertex 0.025 0.025 0.02575498212390079
    endloop
endfacet
facet normal 0 0 0
    outer loop
        vertex 0.025 0.0 0.024959165631562457
        vertex 0.025 0.0 0.0005804212045190384
        vertex 0.05 0.0 0.025550995489786867
    endloop
endfacet
facet normal 0 0 0
    outer loop
        vertex 0.025 0.0 0.0005804212045190384
        vertex 0.025 0.025 0.02575498212390079
        vertex 0.05 0.0 0.025550995489786867
    endloop
endfacet
facet normal 0 0 0
    outer loop
        vertex 0.025 0.0 0.0005804212045190384
        vertex 0.05 0.025 1.132455537208983e-06
        vertex 0.05 0.0 0.025550995489786867
    endloop
endfacet
facet normal 0 0 0
    outer loop
        vertex 0.05 0.025 1.132455537208983e-06
        vertex 0.025 0.025 0.02575498212390079
        vertex 0.05 0.0 0.025550995489786867
    endloop
endfacet
facet normal 0 0 0
    outer loop
        vertex 0.05 0.025 1.132455537208983e-06
        vertex 0.025 0.0 0.0005804212045190384
        vertex 0.025 0.025 0.02575498212390079
    endloop
endfacet
facet normal 0 0 0
    outer loop
        vertex 0.025 0.0 0.0005804212045190384
        vertex 0.05 0.0 0.025550995489786867
        vertex 0.025 0.025 0.02575498212390079
    endloop
endfacet
facet normal 0 0 0
    outer loop
        vertex 0.05 0.025 1.132455537208983e-06
        vertex 0.05 0.025 0.02341922994084533
        vertex 0.05 0.0 0.025550995489786867
    endloop
endfacet
facet normal 0 0 0
    outer loop
        vertex 0.05 0.025 0.02341922994084533
        vertex 0.025 0.025 0.02575498212390079
        vertex 0.05 0.0 0.025550995489786867
    endloop
endfacet
facet normal 0 0 0
    outer loop
        vertex 0.05 0.025 0.02341922994084533
        vertex 0.05 0.025 1.132455537208983e-06
        vertex 0.025 0.025 0.02575498212390079
    endloop
endfacet
facet normal 0 0 0
    outer loop
        vertex 0.05 0.025 1.132455537208983e-06
        vertex 0.05 0.0 0.025550995489786867
        vertex 0.025 0.025 0.02575498212390079
    endloop
endfacet
facet normal 0 0 0
    outer loop
        vertex 0.025 0.0 0.0005804212045190384
        vertex 0.025 0.025 0.02575498212390079
        vertex 0.025 0.025 -0.00044653467604777874
    endloop
endfacet
facet normal 0 0 0
    outer loop
        vertex 0.025 0.025 0.02575498212390079
        vertex 0.05 0.025 1.132455537208983e-06
        vertex 0.025 0.025 -0.00044653467604777874
    endloop
endfacet
facet normal 0 0 0
    outer loop
        vertex 0.025 0.025 0.02575498212390079
        vertex 0.025 0.0 0.0005804212045190384
        vertex 0.05 0.025 1.132455537208983e-06
    endloop
endfacet
facet normal 0 0 0
    outer loop
        vertex 0.025 0.0 0.0005804212045190384
        vertex 0.025 0.025 -0.00044653467604777874
        vertex 0.05 0.025 1.132455537208983e-06
    endloop
endfacet
facet normal 0 0 0
    outer loop
        vertex 0.05 0.0 -0.0007889250781769834
        vertex 0.07500000000000001 0.025 -0.0013145531968480806
        vertex 0.07500000000000001 0.0 -0.0010131223946233995
    endloop
endfacet
facet normal 0 0 0
    outer loop
        vertex 0.07500000000000001 0.025 -0.0013145531968480806
        vertex 0.07500000000000001 0.0 0.02534487318225294
        vertex 0.07500000000000001 0.0 -0.0010131223946233995
    endloop
endfacet
facet normal 0 0 0
    outer loop
        vertex 0.07500000000000001 0.025 -0.0013145531968480806
        vertex 0.05 0.0 -0.0007889250781769834
        vertex 0.07500000000000001 0.0 0.02534487318225294
    endloop
endfacet
facet normal 0 0 0
    outer loop
        vertex 0.05 0.0 -0.0007889250781769834
        vertex 0.07500000000000001 0.0 -0.0010131223946233995
        vertex 0.07500000000000001 0.0 0.02534487318225294
    endloop
endfacet
facet normal 0 0 0
    outer loop
        vertex 0.05 0.0 -0.0007889250781769834
        vertex 0.05 0.0 0.025550995489786867
        vertex 0.05 0.025 0.02341922994084533
    endloop
endfacet
facet normal 0 0 0
    outer loop
        vertex 0.05 0.0 0.025550995489786867
        vertex 0.07500000000000001 0.0 0.02534487318225294
        vertex 0.05 0.025 0.02341922994084533
    endloop
endfacet
facet normal 0 0 0
    outer loop
        vertex 0.05 0.0 0.025550995489786867
        vertex 0.05 0.0 -0.0007889250781769834
        vertex 0.07500000000000001 0.0 0.02534487318225294
    endloop
endfacet
facet normal 0 0 0
    outer loop
        vertex 0.05 0.0 -0.0007889250781769834
        vertex 0.05 0.025 0.02341922994084533
        vertex 0.07500000000000001 0.0 0.02534487318225294
    endloop
endfacet
facet normal 0 0 0
    outer loop
        vertex 0.05 0.0 -0.0007889250781769834
        vertex 0.07500000000000001 0.025 -0.0013145531968480806
        vertex 0.07500000000000001 0.0 0.02534487318225294
    endloop
endfacet
facet normal 0 0 0
    outer loop
        vertex 0.07500000000000001 0.025 -0.0013145531968480806
        vertex 0.05 0.025 0.02341922994084533
        vertex 0.07500000000000001 0.0 0.02534487318225294
    endloop
endfacet
facet normal 0 0 0
    outer loop
        vertex 0.07500000000000001 0.025 -0.0013145531968480806
        vertex 0.05 0.0 -0.0007889250781769834
        vertex 0.05 0.025 0.02341922994084533
    endloop
endfacet
facet normal 0 0 0
    outer loop
        vertex 0.05 0.0 -0.0007889250781769834
        vertex 0.07500000000000001 0.0 0.02534487318225294
        vertex 0.05 0.025 0.02341922994084533
    endloop
endfacet
facet normal 0 0 0
    outer loop
        vertex 0.07500000000000001 0.025 -0.0013145531968480806
        vertex 0.07500000000000001 0.025 0.025061413547113803
        vertex 0.07500000000000001 0.0 0.02534487318225294
    endloop
endfacet
facet normal 0 0 0
    outer loop
        vertex 0.07500000000000001 0.025 0.025061413547113803
        vertex 0.05 0.025 0.02341922994084533
        vertex 0.07500000000000001 0.0 0.02534487318225294
    endloop
endfacet
facet normal 0 0 0
    outer loop
        vertex 0.07500000000000001 0.025 0.025061413547113803
        vertex 0.07500000000000001 0.025 -0.0013145531968480806
        vertex 0.05 0.025 0.02341922994084533
    endloop
endfacet
facet normal 0 0 0
    outer loop
        vertex 0.07500000000000001 0.025 -0.0013145531968480806
        vertex 0.07500000000000001 0.0 0.02534487318225294
        vertex 0.05 0.025 0.02341922994084533
    endloop
endfacet
facet normal 0 0 0
    outer loop
        vertex 0.05 0.0 -0.0007889250781769834
        vertex 0.05 0.025 0.02341922994084533
        vertex 0.05 0.025 1.132455537208983e-06
    endloop
endfacet
facet normal 0 0 0
    outer loop
        vertex 0.05 0.025 0.02341922994084533
        vertex 0.07500000000000001 0.025 -0.0013145531968480806
        vertex 0.05 0.025 1.132455537208983e-06
    endloop
endfacet
facet normal 0 0 0
    outer loop
        vertex 0.05 0.025 0.02341922994084533
        vertex 0.05 0.0 -0.0007889250781769834
        vertex 0.07500000000000001 0.025 -0.0013145531968480806
    endloop
endfacet
facet normal 0 0 0
    outer loop
        vertex 0.05 0.0 -0.0007889250781769834
        vertex 0.05 0.025 1.132455537208983e-06
        vertex 0.07500000000000001 0.025 -0.0013145531968480806
    endloop
endfacet
endsolid